1 114.39605941 37.84427101 0.00000000 0
2 114.39637382 37.84279344 0.00000000 2
3 114.39642068 37.84171268 0.00000000 2
4 114.39704407 37.84152184 0.00000000 2
5 114.39745134 37.84207511 0.00000000 2
6 114.39668305 37.84367010 0.00000000 2
7 114.39605941 37.84427101 0.00000000 2
8 114.39637382 37.84279344 0.00000000 2
9 114.39642068 37.84171268 0.00000000 2
10 114.39704407 37.84152184 0.00000000 2
11 114.39745134 37.84207511 0.00000000 2
12 114.39668305 37.84367010 0.00000000 2
13 114.39605941 37.84427101 0.00000000 2
14 114.39637382 37.84279344 0.00000000 2
15 114.39642068 37.84171268 0.00000000 2
16 114.39704407 37.84152184 0.00000000 2
17 114.39745134 37.84207511 0.00000000 2
18 114.39668305 37.84367010 0.00000000 2
19 114.39605941 37.84427101 0.00000000 2
20 114.39637382 37.84279344 0.00000000 2
21 114.39642068 37.84171268 0.00000000 2
22 114.39704407 37.84152184 0.00000000 2
23 114.39745134 37.84207511 0.00000000 2
24 114.39668305 37.84367010 0.00000000 2
25 114.39605941 37.84427101 0.00000000 2
26 114.39637382 37.84279344 0.00000000 2
27 114.39642068 37.84171268 0.00000000 2
28 114.39704407 37.84152184 0.00000000 2
29 114.39745134 37.84207511 0.00000000 2
30 114.39668305 37.84367010 0.00000000 2
31 114.39605941 37.84427101 0.00000000 2
32 114.39637382 37.84279344 0.00000000 2
33 114.39642068 37.84171268 0.00000000 2
34 114.39704407 37.84152184 0.00000000 2
35 114.39745134 37.84207511 0.00000000 2
36 114.39668305 37.84367010 0.00000000 2
37 114.39605941 37.84427101 0.00000000 2
38 114.39637382 37.84279344 0.00000000 2
39 114.39642068 37.84171268 0.00000000 2
40 114.39704407 37.84152184 0.00000000 2
41 114.39745134 37.84207511 0.00000000 2
42 114.39668305 37.84367010 0.00000000 2
43 114.39605941 37.84427101 0.00000000 2
44 114.39637382 37.84279344 0.00000000 2
45 114.39642068 37.84171268 0.00000000 2
46 114.39704407 37.84152184 0.00000000 2
47 114.39745134 37.84207511 0.00000000 2
48 114.39668305 37.84367010 0.00000000 2
49 114.39605941 37.84427101 0.00000000 2
50 114.39637382 37.84279344 0.00000000 2
51 114.39642068 37.84171268 0.00000000 2
52 114.39704407 37.84152184 0.00000000 2
53 114.39745134 37.84207511 0.00000000 2
54 114.39668305 37.84367010 0.00000000 2
55 114.39605941 37.84427101 0.00000000 2
56 114.39637382 37.84279344 0.00000000 2
57 114.39642068 37.84171268 0.00000000 2
58 114.39704407 37.84152184 0.00000000 2
59 114.39745134 37.84207511 0.00000000 2
60 114.39668305 37.84367010 0.00000000 2
61 114.39605941 37.84427101 0.00000000 2
62 114.39637382 37.84279344 0.00000000 2
63 114.39642068 37.84171268 0.00000000 2
64 114.39704407 37.84152184 0.00000000 2
65 114.39745134 37.84207511 0.00000000 2
66 114.39668305 37.84367010 0.00000000 2
67 114.39605941 37.84427101 0.00000000 2
68 114.39637382 37.84279344 0.00000000 2
69 114.39642068 37.84171268 0.00000000 2
70 114.39704407 37.84152184 0.00000000 2
71 114.39745134 37.84207511 0.00000000 2
72 114.39668305 37.84367010 0.00000000 2
73 114.39605941 37.84427101 0.00000000 2
74 114.39637382 37.84279344 0.00000000 2
75 114.39642068 37.84171268 0.00000000 2
76 114.39704407 37.84152184 0.00000000 2
77 114.39745134 37.84207511 0.00000000 2
78 114.39668305 37.84367010 0.00000000 2
79 114.39605941 37.84427101 0.00000000 2
80 114.39637382 37.84279344 0.00000000 2
81 114.39642068 37.84171268 0.00000000 2
82 114.39704407 37.84152184 0.00000000 2
83 114.39745134 37.84207511 0.00000000 2
84 114.39668305 37.84367010 0.00000000 2
85 114.39605941 37.84427101 0.00000000 2
86 114.39637382 37.84279344 0.00000000 2
87 114.39642068 37.84171268 0.00000000 2
88 114.39704407 37.84152184 0.00000000 2
89 114.39745134 37.84207511 0.00000000 2
90 114.39668305 37.84367010 0.00000000 2
91 114.39605941 37.84427101 0.00000000 2
92 114.39637382 37.84279344 0.00000000 2
93 114.39642068 37.84171268 0.00000000 2
94 114.39704407 37.84152184 0.00000000 2
95 114.39745134 37.84207511 0.00000000 2
96 114.39668305 37.84367010 0.00000000 2
97 114.39605941 37.84427101 0.00000000 2
98 114.39637382 37.84279344 0.00000000 2
99 114.39642068 37.84171268 0.00000000 2
100 114.39704407 37.84152184 0.00000000 2
101 114.39745134 37.84207511 0.00000000 2
102 114.39668305 37.84367010 0.00000000 2
103 114.39605941 37.84427101 0.00000000 2
104 114.39637382 37.84279344 0.00000000 2
105 114.39642068 37.84171268 0.00000000 2
106 114.39704407 37.84152184 0.00000000 2
107 114.39745134 37.84207511 0.00000000 2
108 114.39668305 37.84367010 0.00000000 2
109 114.39605941 37.84427101 0.00000000 2
110 114.39637382 37.84279344 0.00000000 2
111 114.39642068 37.84171268 0.00000000 2
112 114.39704407 37.84152184 0.00000000 2
113 114.39745134 37.84207511 0.00000000 2
114 114.39668305 37.84367010 0.00000000 2
115 114.39605941 37.84427101 0.00000000 2
116 114.39637382 37.84279344 0.00000000 2
117 114.39642068 37.84171268 0.00000000 2
118 114.39704407 37.84152184 0.00000000 2
119 114.39745134 37.84207511 0.00000000 2
120 114.39668305 37.84367010 0.00000000 2
121 114.39605941 37.84427101 0.00000000 1
