1 116.11793338 40.16977343 0.00000000 0
2 116.11490549 40.17052869 0.00000000 2
3 116.11193080 40.16976786 0.00000000 2
4 116.10962894 40.16962257 0.00000000 2
5 116.10639234 40.16877914 0.00000000 2
6 116.10672000 40.16803600 0.00000000 3
7 116.10712717 40.16748521 0.00000000 2
8 116.11026347 40.16543135 0.00000000 2
9 116.11477760 40.16477176 0.00000000 2
10 116.11497023 40.16413615 0.00000000 4
11 116.11380480 40.16275986 0.00000000 5
12 116.10750239 40.16161051 0.00000000 2
13 116.10491433 40.16056000 0.00000000 4
14 116.10338504 40.15801141 0.00000000 5
15 116.09909426 40.15621637 0.00000000 2
16 116.10376615 40.15350467 0.00000000 2
17 116.10867781 40.14822345 0.00000000 2
18 116.10815412 40.15121315 0.00000000 2
19 116.10731549 40.15524588 0.00000000 2
20 116.11194137 40.15822693 0.00000000 2
21 116.11533141 40.15952856 0.00000000 2
22 116.11652341 40.15702155 0.00000000 2
23 116.11846152 40.15190591 0.00000000 2
24 116.12075714 40.16792809 0.00000000 2
