1 114.39615111258379 37.84587385831121 0.00000000000000 0
2 114.39614243841720 37.84580993104735 0.00000000000000 2
3 114.39613918054459 37.84574188538132 0.00000000000000 2
4 114.39614123255259 37.84567270101068 0.00000000000000 2
5 114.39614071999210 37.84561438067464 0.00000000000000 2
6 114.39612980554941 37.84555208069585 0.00000000000000 2
7 114.39612166167720 37.84549321192076 0.00000000000000 2
8 114.39611107994691 37.84543072205783 0.00000000000000 2
9 114.39609471284300 37.84534902626344 0.00000000000000 2
10 114.39609472103520 37.84529644972647 0.00000000000000 2
11 114.39608636230849 37.84524830988161 0.00000000000000 2
12 114.39607605621281 37.84520453423806 0.00000000000000 2
13 114.39606384883490 37.84516139336268 0.00000000000000 2
14 114.39605796911630 37.84511570257775 0.00000000000000 2
15 114.39606232049080 37.84506919671819 0.00000000000000 2
16 114.39606861429870 37.84502344504340 0.00000000000000 2
17 114.39607081343129 37.84498000732906 0.00000000000000 2
18 114.39606306883780 37.84493873251747 0.00000000000000 2
19 114.39605149296300 37.84489962651831 0.00000000000000 2
20 114.39604790203960 37.84485956321270 0.00000000000000 2
21 114.39604826512910 37.84481697582578 0.00000000000000 2
22 114.39605437940330 37.84477662572896 0.00000000000000 2
23 114.39605088318710 37.84473373098915 0.00000000000000 2
24 114.39605661195429 37.84466019535199 0.00000000000000 2
25 114.39605681937179 37.84460980025790 0.00000000000000 2
26 114.39605893188730 37.84456391210163 0.00000000000000 2
27 114.39605697290430 37.84451684978551 0.00000000000000 2
28 114.39605905209299 37.84447235790625 0.00000000000000 2
29 114.39606119242420 37.84442526311045 0.00000000000000 2
30 114.39605926288731 37.84437885795361 0.00000000000000 2
31 114.39604720976941 37.84433638289154 0.00000000000000 2
32 114.39605319379039 37.84429475580341 0.00000000000000 2
33 114.39605917220170 37.84425206800539 0.00000000000000 2
34 114.39605723658801 37.84420989570462 0.00000000000000 2
35 114.39605330851531 37.84416989397867 0.00000000000000 2
36 114.39605144165300 37.84412889904106 0.00000000000000 2
37 114.39604836973351 37.84405352345031 0.00000000000000 2
38 114.39605862608801 37.84401044259693 0.00000000000000 2
39 114.39606102887829 37.84395871169232 0.00000000000000 2
40 114.39605891624790 37.84391653168244 0.00000000000000 2
41 114.39605296008240 37.84387147844268 0.00000000000000 2
42 114.39604709572960 37.84382711955303 0.00000000000000 2
43 114.39605515592240 37.84378522701073 0.00000000000000 2
44 114.39605733716181 37.84374060137161 0.00000000000000 2
45 114.39605956345230 37.84369505064010 0.00000000000000 2
46 114.39606410019330 37.84362732883709 0.00000000000000 2
47 114.39607440181780 37.84358050107926 0.00000000000000 2
48 114.39608424122710 37.84353780002937 0.00000000000000 2
49 114.39609408578271 37.84349403997487 0.00000000000000 2
50 114.39610421176801 37.84344599097823 0.00000000000000 2
51 114.39612353711340 37.84340366671784 0.00000000000000 2
52 114.39612755016741 37.84335691631599 0.00000000000000 2
53 114.39613346633379 37.84331090691818 0.00000000000000 2
54 114.39614641276670 37.84327188819936 0.00000000000000 2
55 114.39616297886430 37.84323343749352 0.00000000000000 2
56 114.39619230184960 37.84319858087745 0.00000000000000 2
57 114.39621373789780 37.84316415061189 0.00000000000000 2
58 114.39624610570560 37.84310245148203 0.00000000000000 2
59 114.39627150827189 37.84305798825574 0.00000000000000 2
60 114.39629464542951 37.84301235693095 0.00000000000000 2
61 114.39632135669039 37.84296923891509 0.00000000000000 2
62 114.39635159683280 37.84292852467146 0.00000000000000 2
63 114.39637974328920 37.84288626839771 0.00000000000000 2
64 114.39639540184990 37.84284465604325 0.00000000000000 2
65 114.39642478671340 37.84280367197026 0.00000000000000 2
66 114.39644779149060 37.84276330264617 0.00000000000000 2
67 114.39645718505740 37.84269084415484 0.00000000000000 2
68 114.39647183549170 37.84265054318328 0.00000000000000 2
69 114.39647879741750 37.84260770467357 0.00000000000000 2
70 114.39648373966240 37.84256556219986 0.00000000000000 2
71 114.39648070487929 37.84252867307346 0.00000000000000 2
72 114.39646820262369 37.84249381409406 0.00000000000000 2
73 114.39646741328050 37.84245497648816 0.00000000000000 2
74 114.39647022682669 37.84241818923616 0.00000000000000 2
75 114.39645467902891 37.84238322307248 0.00000000000000 2
76 114.39643383975989 37.84235013742214 0.00000000000000 2
77 114.39640382059611 37.84232175481407 0.00000000000000 2
78 114.39636364347450 37.84230769684216 0.00000000000000 2
79 114.39631894980000 37.84230349706683 0.00000000000000 2
80 114.39626856257330 37.84230209946607 0.00000000000000 2
81 114.39622542650660 37.84230070260951 0.00000000000000 2
82 114.39617265995160 37.84230349934778 0.00000000000000 2
83 114.39612298629270 37.84230910199936 0.00000000000000 2
84 114.39607656698109 37.84231612547723 0.00000000000000 2
85 114.39602689162020 37.84232035039505 0.00000000000000 2
86 114.39598030373530 37.84231753394934 0.00000000000000 2
87 114.39593023348380 37.84232317231521 0.00000000000000 2
88 114.39588276618539 37.84232458446957 0.00000000000000 2
89 114.39583313473040 37.84232741116825 0.00000000000000 2
90 114.39577912919140 37.84233440290125 0.00000000000000 2
91 114.39572521264920 37.84234268003296 0.00000000000000 2
92 114.39567789692410 37.84234666466538 0.00000000000000 2
93 114.39563377707741 37.84234499716248 0.00000000000000 2
94 114.39556214390140 37.84234458989130 0.00000000000000 2
95 114.39551744244081 37.84234151280255 0.00000000000000 2
96 114.39546718405890 37.84234123174532 0.00000000000000 2
97 114.39542322471830 37.84233395118805 0.00000000000000 2
98 114.39537234207430 37.84232666735290 0.00000000000000 2
99 114.39532053274890 37.84232778831333 0.00000000000000 2
100 114.39527307294350 37.84233593083300 0.00000000000000 2
101 114.39522599229630 37.84233007363356 0.00000000000000 2
102 114.39517686468710 37.84232701595924 0.00000000000000 2
103 114.39512375591841 37.84232676351530 0.00000000000000 2
104 114.39508090972770 37.84232800242198 0.00000000000000 2
105 114.39503817083630 37.84231953526705 0.00000000000000 2
106 114.39498957407970 37.84231389771849 0.00000000000000 2
107 114.39494612887491 37.84230966893771 0.00000000000000 2
108 114.39488095799339 37.84230736978687 0.00000000000000 2
109 114.39483838836981 37.84230444950953 0.00000000000000 2
110 114.39479929144140 37.84229745063501 0.00000000000000 2
111 114.39475546910170 37.84229046147954 0.00000000000000 2
112 114.39471521927911 37.84228080894688 0.00000000000000 2
113 114.39467341053890 37.84227389543954 0.00000000000000 2
114 114.39463197139000 37.84226433024990 0.00000000000000 2
115 114.39458904181090 37.84225614514226 0.00000000000000 2
116 114.39454754959441 37.84225199160961 0.00000000000000 2
117 114.39450281832960 37.84224916430504 0.00000000000000 2
118 114.39446072703190 37.84223841510499 0.00000000000000 2
119 114.39442317654770 37.84223169055706 0.00000000000000 2
120 114.39438650847760 37.84221976254697 0.00000000000000 2
121 114.39435441824109 37.84220016122342 0.00000000000000 2
122 114.39432662742360 37.84217567984358 0.00000000000000 2
123 114.39429921377400 37.84215153060295 0.00000000000000 2
124 114.39426664983580 37.84213266319421 0.00000000000000 2
125 114.39423489274630 37.84211153815507 0.00000000000000 2
126 114.39420834802770 37.84208946479288 0.00000000000000 2
127 114.39418645859260 37.84206887938054 0.00000000000000 2
128 114.39415576088800 37.84201893824548 0.00000000000000 2
129 114.39413706230840 37.84198478247591 0.00000000000000 2
130 114.39411370087950 37.84195259518124 0.00000000000000 2
131 114.39410375045210 37.84191965366416 0.00000000000000 2
132 114.39409888903749 37.84188597094585 0.00000000000000 2
133 114.39408607737190 37.84185417059282 0.00000000000000 2
134 114.39406864581760 37.84182418783683 0.00000000000000 2
135 114.39406266208680 37.84179219736959 0.00000000000000 2
136 114.39406783743520 37.84175831014623 0.00000000000000 2
137 114.39407876623240 37.84172751013776 0.00000000000000 2
138 114.39409405398639 37.84169724260273 0.00000000000000 2
139 114.39410758446100 37.84166747585250 0.00000000000000 2
140 114.39413855950760 37.84161958203913 0.00000000000000 2
141 114.39415853456140 37.84158272970451 0.00000000000000 2
142 114.39417498892260 37.84154503001811 0.00000000000000 2
143 114.39419426813480 37.84150952788673 0.00000000000000 2
144 114.39420680848831 37.84147318032909 0.00000000000000 2
145 114.39422073464220 37.84143636172620 0.00000000000000 2
146 114.39424213569320 37.84140306430704 0.00000000000000 2
147 114.39426318391490 37.84137031562290 0.00000000000000 2
148 114.39427110207311 37.84133932725417 0.00000000000000 2
149 114.39428098646800 37.84130358457501 0.00000000000000 2
150 114.39429808307840 37.84127243461127 0.00000000000000 2
151 114.39430731206031 37.84124045632066 0.00000000000000 2
152 114.39431791505790 37.84120902619164 0.00000000000000 2
153 114.39433979448781 37.84115200202920 0.00000000000000 2
154 114.39435871392460 37.84111676314977 0.00000000000000 2
155 114.39437893829960 37.84108214680865 0.00000000000000 2
156 114.39438604806350 37.84104656358934 0.00000000000000 2
157 114.39439623150010 37.84101165039872 0.00000000000000 2
158 114.39441085478590 37.84097876320450 0.00000000000000 2
159 114.39442523447210 37.84094642317614 0.00000000000000 2
160 114.39443053357751 37.84090926959546 0.00000000000000 2
161 114.39443547220320 37.84087541630127 0.00000000000000 2
162 114.39444172921030 37.84084344758417 0.00000000000000 2
163 114.39445395837519 37.84081206555867 0.00000000000000 2
164 114.39446930773050 37.84075254933785 0.00000000000000 2
165 114.39447931575090 37.84071711050537 0.00000000000000 2
166 114.39448129729530 37.84067955843307 0.00000000000000 2
167 114.39448942814870 37.84064543785413 0.00000000000000 2
168 114.39450218334400 37.84061059676191 0.00000000000000 2
169 114.39450227647630 37.84057639485771 0.00000000000000 2
170 114.39451000485320 37.84054409483819 0.00000000000000 2
171 114.39451313629949 37.84050983925388 0.00000000000000 2
172 114.39451464103720 37.84047745282663 0.00000000000000 2
173 114.39450898255571 37.84042239626662 0.00000000000000 2
174 114.39451037332790 37.84038456027379 0.00000000000000 2
175 114.39450510327660 37.84034898703973 0.00000000000000 2
176 114.39450318900880 37.84031282823094 0.00000000000000 2
177 114.39449969556740 37.84027730236852 0.00000000000000 2
178 114.39449956470889 37.84023964587369 0.00000000000000 2
179 114.39450254555651 37.84020405844801 0.00000000000000 2
180 114.39450395807469 37.84016775684010 0.00000000000000 2
181 114.39449586598570 37.84013599792437 0.00000000000000 2
182 114.39448796085010 37.84010346276911 0.00000000000000 2
183 114.39449557764350 37.84006900045511 0.00000000000000 2
184 114.39449992926841 37.84003762154207 0.00000000000000 2
185 114.39450130592699 37.84000429098108 0.00000000000000 2
186 114.39450529914890 37.83995072181024 0.00000000000000 2
187 114.39450651830980 37.83991370003155 0.00000000000000 2
188 114.39450776113560 37.83987596041811 0.00000000000000 2
189 114.39450902556200 37.83983756207388 0.00000000000000 2
190 114.39451174211200 37.83980256924068 0.00000000000000 2
191 114.39451449543709 37.83976556930720 0.00000000000000 2
192 114.39451711548880 37.83973183128646 0.00000000000000 2
193 114.39450894614150 37.83970115869047 0.00000000000000 2
194 114.39449939603000 37.83967096857709 0.00000000000000 2
195 114.39449603743471 37.83963899102262 0.00000000000000 2
196 114.39449563981560 37.83960881043698 0.00000000000000 2
197 114.39449381599491 37.83957790176405 0.00000000000000 2
198 114.39449494890340 37.83954748482304 0.00000000000000 2
199 114.39449315869030 37.83951752954658 0.00000000000000 2
200 114.39448846820849 37.83948915340631 0.00000000000000 2
201 114.39447504775940 37.83942965938377 0.00000000000000 2
202 114.39447656420310 37.83939333880196 0.00000000000000 2
203 114.39447319222870 37.83935617187549 0.00000000000000 2
204 114.39446345830910 37.83932099579732 0.00000000000000 2
205 114.39445229226099 37.83928638909286 0.00000000000000 2
206 114.39443972270870 37.83925368754310 0.00000000000000 2
207 114.39443207819360 37.83921753920549 0.00000000000000 2
208 114.39442771245029 37.83917682503386 0.00000000000000 2
209 114.39442648022310 37.83913947124007 0.00000000000000 2
210 114.39443438704870 37.83910533970499 0.00000000000000 2
211 114.39443610471480 37.83907421911595 0.00000000000000 2
212 114.39442579742200 37.83904353018777 0.00000000000000 2
213 114.39442311254280 37.83901094533125 0.00000000000000 2
214 114.39441454327979 37.83898122940285 0.00000000000000 2
215 114.39441049440590 37.83895095564598 0.00000000000000 2
216 114.39441277274820 37.83890528692679 0.00000000000000 2
217 114.39441244413540 37.83886839291550 0.00000000000000 2
218 114.39442263284990 37.83883716080014 0.00000000000000 2
219 114.39444325943769 37.83880766830939 0.00000000000000 2
220 114.39447400905100 37.83878712994859 0.00000000000000 2
221 114.39451486049150 37.83878379294065 0.00000000000000 2
222 114.39455569464010 37.83878167196206 0.00000000000000 2
223 114.39459502182621 37.83877953920091 0.00000000000000 2
224 114.39463148534089 37.83878711532033 0.00000000000000 2
225 114.39466823467490 37.83879962731297 0.00000000000000 2
226 114.39470833419800 37.83881348348375 0.00000000000000 2
227 114.39474550143440 37.83882368958010 0.00000000000000 2
228 114.39480670469170 37.83884541325813 0.00000000000000 2
229 114.39484543777360 37.83885706785548 0.00000000000000 2
230 114.39488287546951 37.83886878269123 0.00000000000000 2
231 114.39492025997011 37.83888439991888 0.00000000000000 2
232 114.39495448740720 37.83890526686917 0.00000000000000 2
233 114.39499124886260 37.83891596770510 0.00000000000000 2
234 114.39502998698519 37.83892283844605 0.00000000000000 2
235 114.39506709151020 37.83893495090275 0.00000000000000 2
236 114.39510771952830 37.83894322592202 0.00000000000000 2
237 114.39515341395530 37.83894514298876 0.00000000000000 2
238 114.39519445214630 37.83894948703359 0.00000000000000 2
239 114.39523398797490 37.83896041787909 0.00000000000000 2
240 114.39527375348190 37.83897273806429 0.00000000000000 2
241 114.39531219308500 37.83898658721967 0.00000000000000 2
242 114.39535235249610 37.83899242611682 0.00000000000000 2
243 114.39539109008091 37.83899962814859 0.00000000000000 2
244 114.39545320944640 37.83901974097589 0.00000000000000 2
245 114.39549715023740 37.83902646951598 0.00000000000000 2
246 114.39554510767670 37.83902561072853 0.00000000000000 2
247 114.39558582304861 37.83901960397753 0.00000000000000 2
248 114.39563032190530 37.83902379823487 0.00000000000000 2
249 114.39567022323700 37.83902924092424 0.00000000000000 2
250 114.39570700820150 37.83903723683284 0.00000000000000 2
251 114.39574552476310 37.83904528387140 0.00000000000000 2
252 114.39578750908071 37.83904952459942 0.00000000000000 2
253 114.39582809615580 37.83905247158195 0.00000000000000 2
254 114.39587021088521 37.83906192247643 0.00000000000000 2
255 114.39591414705160 37.83907013536104 0.00000000000000 2
256 114.39595671944581 37.83907600337365 0.00000000000000 2
257 114.39599792972570 37.83908587122909 0.00000000000000 2
258 114.39603615594820 37.83909181420716 0.00000000000000 2
259 114.39609994524319 37.83910484415897 0.00000000000000 2
260 114.39613884762571 37.83911219569334 0.00000000000000 2
261 114.39617963634370 37.83911829125488 0.00000000000000 2
262 114.39621760618290 37.83912169544892 0.00000000000000 2
263 114.39626079952100 37.83911988755618 0.00000000000000 2
264 114.39630424831731 37.83911409329555 0.00000000000000 2
265 114.39634928951121 37.83910833059915 0.00000000000000 2
266 114.39639100623660 37.83910648036905 0.00000000000000 2
267 114.39643909964370 37.83911006045398 0.00000000000000 2
268 114.39648253113990 37.83911489412416 0.00000000000000 2
269 114.39652455425410 37.83910894940292 0.00000000000000 2
270 114.39656500722350 37.83911600665485 0.00000000000000 2
271 114.39660884935179 37.83912178358236 0.00000000000000 2
272 114.39665424181590 37.83911820846062 0.00000000000000 2
273 114.39669470009881 37.83911325039396 0.00000000000000 2
274 114.39673663004520 37.83910564511212 0.00000000000000 2
275 114.39681235001210 37.83910236610026 0.00000000000000 2
276 114.39685154039290 37.83909608203891 0.00000000000000 2
277 114.39689500121790 37.83909648778222 0.00000000000000 2
278 114.39693315166910 37.83910484095065 0.00000000000000 2
279 114.39697162831490 37.83911055376053 0.00000000000000 2
280 114.39701523420111 37.83911365031337 0.00000000000000 2
281 114.39706073010470 37.83911274434584 0.00000000000000 2
282 114.39710109162280 37.83912119580207 0.00000000000000 2
283 114.39713990891410 37.83913372720246 0.00000000000000 2
284 114.39718566041471 37.83913688958436 0.00000000000000 2
285 114.39723644743420 37.83913892373297 0.00000000000000 2
286 114.39728242814910 37.83913960815275 0.00000000000000 2
287 114.39732850298570 37.83914029411474 0.00000000000000 2
288 114.39737304914260 37.83914228805995 0.00000000000000 2
289 114.39741430885570 37.83914387261984 0.00000000000000 2
290 114.39745898221460 37.83914685604497 0.00000000000000 2
291 114.39753456704570 37.83914723703849 0.00000000000000 2
292 114.39758394494891 37.83914748527469 0.00000000000000 2
293 114.39762989577500 37.83915048288651 0.00000000000000 2
294 114.39767119684090 37.83914930821165 0.00000000000000 2
295 114.39771297255740 37.83913709665332 0.00000000000000 2
296 114.39775431648209 37.83913180009643 0.00000000000000 2
297 114.39779562193110 37.83912514268948 0.00000000000000 2
298 114.39783696229050 37.83911031811581 0.00000000000000 2
299 114.39787966553889 37.83909965132321 0.00000000000000 2
300 114.39791892981469 37.83908808908842 0.00000000000000 2
301 114.39795970471940 37.83907670996700 0.00000000000000 2
302 114.39799858356440 37.83905853650170 0.00000000000000 2
303 114.39804059682200 37.83904571507298 0.00000000000000 2
304 114.39807735733110 37.83902758414863 0.00000000000000 2
305 114.39811872697000 37.83900963438906 0.00000000000000 2
306 114.39815835878960 37.83899439370062 0.00000000000000 2
307 114.39819259930090 37.83897399561194 0.00000000000000 2
308 114.39822177265010 37.83895146804472 0.00000000000000 2
309 114.39824893724700 37.83892659808066 0.00000000000000 2
310 114.39828082616491 37.83890448098583 0.00000000000000 2
311 114.39831308596520 37.83888993429503 0.00000000000000 2
312 114.39838138188630 37.83882014295030 0.00000000000000 2
313 114.39841017828810 37.83878781648010 0.00000000000000 2
314 114.39841811363760 37.83874941341526 0.00000000000000 2
315 114.39842589431990 37.83871303589412 0.00000000000000 2
316 114.39844374273410 37.83867866171811 0.00000000000000 2
317 114.39844785132240 37.83864328172928 0.00000000000000 2
318 114.39844354077820 37.83860698205572 0.00000000000000 2
319 114.39844437434810 37.83856715340328 0.00000000000000 2
320 114.39842681492181 37.83853729741966 0.00000000000000 2
321 114.39840951449510 37.83850648937620 0.00000000000000 2
322 114.39838596157691 37.83847474943843 0.00000000000000 2
323 114.39837253791100 37.83844089265145 0.00000000000000 2
324 114.39836408342370 37.83839161767096 0.00000000000000 2
325 114.39835818570550 37.83835385971611 0.00000000000000 2
326 114.39834218965960 37.83831945951628 0.00000000000000 2
327 114.39832810724749 37.83828550490567 0.00000000000000 2
328 114.39830914142730 37.83825267847743 0.00000000000000 2
329 114.39828213707450 37.83822032769275 0.00000000000000 2
330 114.39825885868190 37.83818986496767 0.00000000000000 2
331 114.39823428306001 37.83815984615618 0.00000000000000 2
332 114.39820016526200 37.83813822935233 0.00000000000000 2
333 114.39817303196780 37.83811159343139 0.00000000000000 2
334 114.39814637507610 37.83808141319518 0.00000000000000 2
335 114.39811833593581 37.83805680558693 0.00000000000000 2
336 114.39809557287710 37.83802872442098 0.00000000000000 2
337 114.39806228363921 37.83798446967045 0.00000000000000 2
338 114.39802665150511 37.83795400172994 0.00000000000000 2
339 114.39799473683050 37.83792102801910 0.00000000000000 2
340 114.39797672263489 37.83788572560952 0.00000000000000 2
341 114.39795563327679 37.83785099109486 0.00000000000000 2
342 114.39792837759749 37.83781961512018 0.00000000000000 2
343 114.39789813553330 37.83778731025968 0.00000000000000 2
344 114.39787167957689 37.83775675121270 0.00000000000000 2
345 114.39784080599701 37.83772921665462 0.00000000000000 2
346 114.39780401203480 37.83770599708654 0.00000000000000 2
347 114.39776926737311 37.83768177469997 0.00000000000000 2
348 114.39773816402190 37.83765660752960 0.00000000000000 2
349 114.39770431476070 37.83763303222131 0.00000000000000 2
350 114.39767248573870 37.83760977912507 0.00000000000000 2
351 114.39763950370789 37.83758672509978 0.00000000000000 2
352 114.39760844500630 37.83756891430645 0.00000000000000 2
353 114.39757146179920 37.83755370993390 0.00000000000000 2
354 114.39753804493211 37.83753500965181 0.00000000000000 2
355 114.39750822544011 37.83751292515985 0.00000000000000 2
356 114.39748031563980 37.83749114208939 0.00000000000000 2
357 114.39744645749759 37.83747431234363 0.00000000000000 2
358 114.39740987870380 37.83745881029226 0.00000000000000 2
359 114.39737243477040 37.83745857158538 0.00000000000000 2
360 114.39733323664510 37.83746182482850 0.00000000000000 2
361 114.39729660447870 37.83745459478742 0.00000000000000 2
362 114.39725545762720 37.83744969290520 0.00000000000000 2
363 114.39721420332449 37.83744712281981 0.00000000000000 2
364 114.39717969319921 37.83743888317439 0.00000000000000 2
365 114.39714368822830 37.83743185380575 0.00000000000000 2
366 114.39710750335360 37.83742713977040 0.00000000000000 2
367 114.39706480266530 37.83742697796447 0.00000000000000 2
368 114.39702571217640 37.83742341150704 0.00000000000000 2
369 114.39699191483680 37.83741642578940 0.00000000000000 2
370 114.39691843131649 37.83740420658919 0.00000000000000 2
371 114.39687532566090 37.83739711036979 0.00000000000000 2
372 114.39683395024581 37.83738225564738 0.00000000000000 2
373 114.39679138390650 37.83737785986726 0.00000000000000 2
374 114.39674738697430 37.83737604859120 0.00000000000000 2
375 114.39670991464941 37.83736786915178 0.00000000000000 2
376 114.39666950068580 37.83736098270342 0.00000000000000 2
377 114.39663063221739 37.83735925936971 0.00000000000000 2
378 114.39658903013090 37.83735240409708 0.00000000000000 2
379 114.39654577299920 37.83735064613425 0.00000000000000 2
380 114.39650294841159 37.83734504559075 0.00000000000000 2
381 114.39646685939590 37.83733567138280 0.00000000000000 2
382 114.39642925568120 37.83732884381644 0.00000000000000 2
383 114.39638650760560 37.83732948546563 0.00000000000000 2
384 114.39634874081629 37.83734024706070 0.00000000000000 2
385 114.39630827198530 37.83734721608472 0.00000000000000 2
386 114.39626709332190 37.83734786315211 0.00000000000000 2
387 114.39622566669100 37.83733979851426 0.00000000000000 2
388 114.39619133339831 37.83732686537905 0.00000000000000 2
389 114.39615363835340 37.83731773081576 0.00000000000000 2
390 114.39611446469399 37.83730987522262 0.00000000000000 2
391 114.39607898652500 37.83729964030234 0.00000000000000 2
392 114.39605168227230 37.83727980451080 0.00000000000000 2
393 114.39600981802189 37.83723957392779 0.00000000000000 2
394 114.39596213676060 37.83719381543660 0.00000000000000 2
395 114.39593086157930 37.83716987942807 0.00000000000000 2
396 114.39590001549500 37.83714627174954 0.00000000000000 2
397 114.39586964805740 37.83712165244804 0.00000000000000 2
398 114.39583964442529 37.83709869888050 0.00000000000000 2
399 114.39580519020640 37.83707879671466 0.00000000000000 2
400 114.39576726628189 37.83706953740720 0.00000000000000 2
401 114.39572758867570 37.83706548250998 0.00000000000000 2
402 114.39569132789291 37.83705887664252 0.00000000000000 2
403 114.39565049380080 37.83705356047529 0.00000000000000 2
404 114.39561009712619 37.83704570715013 0.00000000000000 2
405 114.39556837506170 37.83703788553505 0.00000000000000 2
406 114.39552643261931 37.83704407950462 0.00000000000000 2
407 114.39548704196780 37.83704263955190 0.00000000000000 2
408 114.39545236514620 37.83703106370847 0.00000000000000 2
409 114.39542049731629 37.83701329936316 0.00000000000000 2
410 114.39538917658510 37.83699447644770 0.00000000000000 2
411 114.39536289587710 37.83697464763080 0.00000000000000 2
412 114.39533590732040 37.83695261717211 0.00000000000000 2
413 114.39530705364150 37.83693444974426 0.00000000000000 2
414 114.39528271753080 37.83691055756011 0.00000000000000 2
415 114.39526002979080 37.83688811080184 0.00000000000000 2
416 114.39523908713780 37.83686596856637 0.00000000000000 2
417 114.39521385055100 37.83684524825289 0.00000000000000 2
418 114.39518836333990 37.83682704118297 0.00000000000000 2
419 114.39516316157039 37.83680903742012 0.00000000000000 2
420 114.39513713112080 37.83679013030680 0.00000000000000 2
421 114.39510366107049 37.83677907391738 0.00000000000000 2
422 114.39504810590149 37.83676810971066 0.00000000000000 2
423 114.39500914640850 37.83676388908052 0.00000000000000 2
424 114.39497011927500 37.83675301757965 0.00000000000000 2
425 114.39493279934850 37.83673694536669 0.00000000000000 2
426 114.39489282323650 37.83673017455062 0.00000000000000 2
427 114.39485307353451 37.83671430588342 0.00000000000000 2
428 114.39481066361439 37.83669857277108 0.00000000000000 2
429 114.39477141265409 37.83669196242827 0.00000000000000 2
430 114.39473076798210 37.83668665262577 0.00000000000000 2
431 114.39469472531390 37.83668265750651 0.00000000000000 2
432 114.39465593035941 37.83667611661903 0.00000000000000 2
433 114.39461739355170 37.83666833822424 0.00000000000000 2
434 114.39458416270170 37.83665308018528 0.00000000000000 2
435 114.39454975159470 37.83663795573973 0.00000000000000 2
436 114.39451675113720 37.83662667376039 0.00000000000000 2
437 114.39447414052060 37.83662403620797 0.00000000000000 2
438 114.39443418324051 37.83662395933442 0.00000000000000 2
439 114.39439233580320 37.83662642543598 0.00000000000000 2
440 114.39435264926399 37.83663384474274 0.00000000000000 2
441 114.39431428085480 37.83664129603390 0.00000000000000 2
442 114.39427574689959 37.83664877973326 0.00000000000000 2
443 114.39423152505989 37.83665378671696 0.00000000000000 2
444 114.39418772502020 37.83665625544952 0.00000000000000 2
445 114.39414264529550 37.83665107307775 0.00000000000000 2
446 114.39410150004839 37.83665588945183 0.00000000000000 2
447 114.39406168577079 37.83665447225848 0.00000000000000 2
448 114.39401776675210 37.83665803217288 0.00000000000000 2
449 114.39397441487129 37.83665909727674 0.00000000000000 2
450 114.39393139260220 37.83665891331120 0.00000000000000 2
451 114.39389250434290 37.83665999690901 0.00000000000000 2
452 114.39384512653869 37.83666480063340 0.00000000000000 2
453 114.39378366294170 37.83666591117800 0.00000000000000 2
454 114.39374620903990 37.83666817365592 0.00000000000000 2
455 114.39370885770779 37.83666586344628 0.00000000000000 2
456 114.39367150452260 37.83666470938247 0.00000000000000 2
457 114.39362835921520 37.83666470919350 0.00000000000000 2
458 114.39358928886500 37.83666817272761 0.00000000000000 2
459 114.39355139456440 37.83667396077776 0.00000000000000 2
460 114.39351424379861 37.83667045236106 0.00000000000000 2
461 114.39347270566810 37.83666916997688 0.00000000000000 2
462 114.39342848530841 37.83666672994515 0.00000000000000 2
463 114.39339080126840 37.83667006757252 0.00000000000000 2
464 114.39335081988840 37.83666879113100 0.00000000000000 2
465 114.39331651633989 37.83665835616521 0.00000000000000 2
466 114.39328083914440 37.83665824810023 0.00000000000000 2
467 114.39323871432910 37.83666270067002 0.00000000000000 2
468 114.39319569706960 37.83666371541113 0.00000000000000 2
469 114.39315476498400 37.83666129831877 0.00000000000000 2
470 114.39312144219980 37.83664978757994 0.00000000000000 2
471 114.39308480635420 37.83664173942717 0.00000000000000 2
472 114.39304700258820 37.83664616035486 0.00000000000000 2
473 114.39300513731000 37.83664944246399 0.00000000000000 2
474 114.39296744699180 37.83664706078386 0.00000000000000 2
475 114.39292729341410 37.83664354462218 0.00000000000000 2
476 114.39287115846930 37.83663823373161 0.00000000000000 2
477 114.39283307372480 37.83664048067738 0.00000000000000 2
478 114.39279522421080 37.83664033832220 0.00000000000000 2
479 114.39275971078760 37.83663305068168 0.00000000000000 2
480 114.39272611520180 37.83662343457563 0.00000000000000 2
481 114.39269530221330 37.83660566666601 0.00000000000000 2
482 114.39266199534170 37.83659737350031 0.00000000000000 2
483 114.39262382684890 37.83659375148417 0.00000000000000 2
484 114.39258333341660 37.83659594087216 0.00000000000000 2
485 114.39254403368300 37.83659930123239 0.00000000000000 2
486 114.39250415028680 37.83659799937327 0.00000000000000 2
487 114.39244154523300 37.83658917863734 0.00000000000000 2
488 114.39240706727240 37.83658802722108 0.00000000000000 2
489 114.39237345988290 37.83659435686748 0.00000000000000 2
490 114.39233583671390 37.83659849783387 0.00000000000000 2
491 114.39229722413420 37.83659831909166 0.00000000000000 2
492 114.39226182252921 37.83660680266450 0.00000000000000 2
493 114.39222476590670 37.83661640150883 0.00000000000000 2
494 114.39218717489160 37.83661839471937 0.00000000000000 2
495 114.39214973958600 37.83661929834284 0.00000000000000 2
496 114.39211599594189 37.83663225382120 0.00000000000000 2
497 114.39208429926050 37.83664960974861 0.00000000000000 2
498 114.39205215979329 37.83666822123283 0.00000000000000 2
499 114.39201752590429 37.83668360493457 0.00000000000000 2
500 114.39198207756650 37.83669456226613 0.00000000000000 2
501 114.39194624609200 37.83670670632245 0.00000000000000 2
502 114.39191068799620 37.83671662944791 0.00000000000000 2
503 114.39187358778470 37.83672657811998 0.00000000000000 2
504 114.39183748678360 37.83673773374633 0.00000000000000 2
505 114.39180148428559 37.83674778218796 0.00000000000000 2
506 114.39176505709150 37.83675903584154 0.00000000000000 2
507 114.39172646774669 37.83677267076575 0.00000000000000 2
508 114.39170805362080 37.83680090067070 0.00000000000000 2
509 114.39169851193310 37.83683327301581 0.00000000000000 2
510 114.39169083826660 37.83688104590917 0.00000000000000 2
511 114.39168344588460 37.83691069594381 0.00000000000000 2
512 114.39167651406190 37.83694479227242 0.00000000000000 2
513 114.39166710556410 37.83697580265748 0.00000000000000 2
514 114.39166914885880 37.83700876704636 0.00000000000000 2
515 114.39167293146150 37.83704108648303 0.00000000000000 2
516 114.39166966680050 37.83707128706377 0.00000000000000 2
517 114.39165528318490 37.83710458526311 0.00000000000000 2
518 114.39165092709250 37.83714138314811 0.00000000000000 2
519 114.39165334853040 37.83717481321516 0.00000000000000 2
520 114.39164507507310 37.83721733718622 0.00000000000000 2
521 114.39163888848000 37.83725648131679 0.00000000000000 2
522 114.39163416967830 37.83729648583478 0.00000000000000 2
523 114.39161964434470 37.83733720864441 0.00000000000000 2
524 114.39161436337140 37.83738052980460 0.00000000000000 2
525 114.39160921493210 37.83742324727938 0.00000000000000 2
526 114.39160331681360 37.83746036487598 0.00000000000000 2
527 114.39157866777801 37.83752153763494 0.00000000000000 2
528 114.39156422432070 37.83755598545482 0.00000000000000 2
529 114.39153036019670 37.83758247765951 0.00000000000000 2
530 114.39148625542380 37.83759214031407 0.00000000000000 2
531 114.39144297497610 37.83759614478144 0.00000000000000 2
532 114.39140119863130 37.83760016568893 0.00000000000000 2
533 114.39136412454830 37.83758854613041 0.00000000000000 2
534 114.39132483216430 37.83758122576127 0.00000000000000 2
535 114.39128319947140 37.83757814955248 0.00000000000000 2
536 114.39124422799570 37.83757087834899 0.00000000000000 2
537 114.39120056931360 37.83757061604748 0.00000000000000 2
538 114.39116198201650 37.83756898148334 0.00000000000000 2
539 114.39109968201090 37.83754838077977 0.00000000000000 2
540 114.39106165906340 37.83753806919811 0.00000000000000 2
541 114.39102389906741 37.83752639693904 0.00000000000000 2
542 114.39098313306610 37.83751903533980 0.00000000000000 2
543 114.39093941988480 37.83751168855471 0.00000000000000 2
544 114.39090245049471 37.83749997815412 0.00000000000000 2
545 114.39085803911451 37.83748814071841 0.00000000000000 2
546 114.39081810956139 37.83748331438235 0.00000000000000 2
547 114.39077088814690 37.83747564664281 0.00000000000000 2
548 114.39073147799030 37.83746951398594 0.00000000000000 2
549 114.39068649778540 37.83747417284751 0.00000000000000 2
550 114.39063148465250 37.83746983399836 0.00000000000000 2
551 114.39059479497480 37.83746183094625 0.00000000000000 2
552 114.39055777089639 37.83746382956910 0.00000000000000 2
553 114.39051920619080 37.83746705591513 0.00000000000000 2
554 114.39048396267880 37.83746532905899 0.00000000000000 2
555 114.39044587142661 37.83746356676333 0.00000000000000 2
556 114.39040836756389 37.83747179534766 0.00000000000000 2
557 114.39037088407240 37.83747879551679 0.00000000000000 2
558 114.39033062599491 37.83748332077823 0.00000000000000 2
559 114.39028609568440 37.83749467419736 0.00000000000000 2
560 114.39024928850270 37.83750228329833 0.00000000000000 2
561 114.39021094634769 37.83751086651221 0.00000000000000 2
562 114.39016852353210 37.83751678134455 0.00000000000000 2
563 114.39012792036030 37.83752018600969 0.00000000000000 2
564 114.39008832189940 37.83752614765121 0.00000000000000 2
565 114.39004941085790 37.83753596289173 0.00000000000000 2
566 114.39001107062020 37.83754968646454 0.00000000000000 2
567 114.38997520829339 37.83756482165690 0.00000000000000 2
568 114.38993759715621 37.83758004833077 0.00000000000000 2
569 114.38989763542010 37.83759799553222 0.00000000000000 2
570 114.38985955315420 37.83761338472802 0.00000000000000 2
571 114.38982038994290 37.83761955296002 0.00000000000000 2
572 114.38978232881450 37.83762707739084 0.00000000000000 2
573 114.38974398541539 37.83764130557006 0.00000000000000 2
574 114.38970520319890 37.83766234305108 0.00000000000000 2
575 114.38967187665121 37.83768606151408 0.00000000000000 2
576 114.38963647228590 37.83771014646064 0.00000000000000 2
577 114.38958537880160 37.83774887251958 0.00000000000000 2
578 114.38956451342310 37.83777797899186 0.00000000000000 2
579 114.38953471300310 37.83780356980464 0.00000000000000 2
580 114.38950014141410 37.83782814407036 0.00000000000000 2
581 114.38946446780650 37.83784637934509 0.00000000000000 2
582 114.38942542943120 37.83786475356149 0.00000000000000 2
583 114.38939008247600 37.83788735543983 0.00000000000000 2
584 114.38935044200259 37.83791563984699 0.00000000000000 2
585 114.38931270893910 37.83793877929734 0.00000000000000 2
586 114.38926931837049 37.83795760437691 0.00000000000000 2
587 114.38921959358569 37.83796664522469 0.00000000000000 2
588 114.38917542516810 37.83798699290055 0.00000000000000 2
589 114.38913482864210 37.83800332197091 0.00000000000000 2
590 114.38909198474070 37.83801404048140 0.00000000000000 2
591 114.38905084103961 37.83802340103090 0.00000000000000 2
592 114.38901017898480 37.83804428518970 0.00000000000000 2
593 114.38897290601329 37.83806977053503 0.00000000000000 2
594 114.38893364411540 37.83809550649200 0.00000000000000 2
595 114.38889431526270 37.83812003909816 0.00000000000000 2
596 114.38882858547299 37.83814506072807 0.00000000000000 2
597 114.38879056791170 37.83815887745925 0.00000000000000 2
598 114.38875023464260 37.83816211494595 0.00000000000000 2
599 114.38870890661759 37.83815990879421 0.00000000000000 2
600 114.38866812402109 37.83815361142902 0.00000000000000 2
601 114.38862760548760 37.83815684219955 0.00000000000000 2
602 114.38858725327719 37.83816829228305 0.00000000000000 2
603 114.38854576822430 37.83816607701528 0.00000000000000 2
604 114.38850200139980 37.83816800514280 0.00000000000000 2
605 114.38846642778461 37.83815886643836 0.00000000000000 2
606 114.38842997863929 37.83814705674070 0.00000000000000 2
607 114.38838864320201 37.83814485011747 0.00000000000000 2
608 114.38835041593640 37.83814260550464 0.00000000000000 2
609 114.38831312449500 37.83814306249852 0.00000000000000 2
610 114.38828032642220 37.83812454743277 0.00000000000000 2
611 114.38824629341219 37.83810837403114 0.00000000000000 2
612 114.38821418628871 37.83809226628246 0.00000000000000 2
613 114.38818098619140 37.83808154137153 0.00000000000000 2
614 114.38814542907390 37.83807478839726 0.00000000000000 2
615 114.38810964426240 37.83806415756079 0.00000000000000 2
616 114.38807628390239 37.83805619149269 0.00000000000000 2
617 114.38804386708550 37.83804569336760 0.00000000000000 2
618 114.38798849855930 37.83803130285158 0.00000000000000 2
619 114.38795159463049 37.83802855924167 0.00000000000000 2
620 114.38791362548420 37.83802073654446 0.00000000000000 2
621 114.38787348420220 37.83802433496621 0.00000000000000 2
622 114.38783055823021 37.83802538120479 0.00000000000000 2
623 114.38779020165690 37.83803025816059 0.00000000000000 2
624 114.38775299799850 37.83803261067342 0.00000000000000 2
625 114.38771536823050 37.83802604928704 0.00000000000000 2
626 114.38767705945050 37.83802584859424 0.00000000000000 2
627 114.38763639628900 37.83803199367875 0.00000000000000 2
628 114.38759542112250 37.83803943351641 0.00000000000000 2
629 114.38755556836099 37.83804819037494 0.00000000000000 2
630 114.38751873321920 37.83805571261579 0.00000000000000 2
631 114.38748141526200 37.83804907172229 0.00000000000000 2
632 114.38744177652980 37.83804757233990 0.00000000000000 2
633 114.38740529919690 37.83805251365904 0.00000000000000 2
634 114.38736134783120 37.83805742527043 0.00000000000000 2
635 114.38732085244671 37.83805978208014 0.00000000000000 2
636 114.38728174404710 37.83806862383086 0.00000000000000 2
637 114.38724168550370 37.83808664580652 0.00000000000000 2
638 114.38720274489209 37.83810484562841 0.00000000000000 2
639 114.38716308043600 37.83812455177066 0.00000000000000 2
640 114.38714391983621 37.83816223789655 0.00000000000000 2
641 114.38713736588571 37.83819799644563 0.00000000000000 2
642 114.38712683621930 37.83823725318945 0.00000000000000 2
643 114.38711262961320 37.83828920080294 0.00000000000000 2
644 114.38710934727030 37.83832296959736 0.00000000000000 2
645 114.38709215377339 37.83835239670768 0.00000000000000 2
646 114.38708767257080 37.83838366381161 0.00000000000000 2
647 114.38708570171440 37.83841810067105 0.00000000000000 2
648 114.38707920189930 37.83845321267528 0.00000000000000 2
649 114.38707119673580 37.83848884848462 0.00000000000000 2
650 114.38706915961080 37.83852520357792 0.00000000000000 2
651 114.38706842534010 37.83856370316806 0.00000000000000 2
652 114.38704870923820 37.83859427127730 0.00000000000000 2
653 114.38701910608400 37.83862663765186 0.00000000000000 2
654 114.38698720751840 37.83866098355601 0.00000000000000 2
655 114.38695388603909 37.83869145845819 0.00000000000000 2
656 114.38692190289970 37.83872092117566 0.00000000000000 2
657 114.38688795958331 37.83875749401471 0.00000000000000 2
658 114.38685360718200 37.83879092117571 0.00000000000000 2
659 114.38681617122000 37.83882026424452 0.00000000000000 2
660 114.38677611558020 37.83887249243121 0.00000000000000 2
661 114.38675831606960 37.83890335363979 0.00000000000000 2
662 114.38674032743690 37.83893213409453 0.00000000000000 2
663 114.38671135233420 37.83896016966860 0.00000000000000 2
664 114.38668484835540 37.83899132588353 0.00000000000000 2
665 114.38665953800709 37.83902163310248 0.00000000000000 2
666 114.38663833476851 37.83905519347725 0.00000000000000 2
667 114.38662471808870 37.83908926693728 0.00000000000000 2
668 114.38661706921491 37.83912678240041 0.00000000000000 2
669 114.38660601500059 37.83916508653229 0.00000000000000 2
670 114.38658841147640 37.83920123391646 0.00000000000000 2
671 114.38656079133250 37.83923514374308 0.00000000000000 2
672 114.38652643242909 37.83926507849507 0.00000000000000 2
673 114.38649320783530 37.83929786730549 0.00000000000000 2
674 114.38645993559570 37.83932767329294 0.00000000000000 2
675 114.38641995196930 37.83935309442664 0.00000000000000 2
676 114.38637980826920 37.83939692690524 0.00000000000000 2
677 114.38635393603960 37.83941629079119 0.00000000000000 2
678 114.38633393084019 37.83944504125083 0.00000000000000 2
679 114.38630896963610 37.83947421449335 0.00000000000000 2
680 114.38628053027330 37.83950246479110 0.00000000000000 2
681 114.38625950604660 37.83953386814006 0.00000000000000 2
682 114.38623497196150 37.83956576559960 0.00000000000000 2
683 114.38621324613230 37.83959820749022 0.00000000000000 2
684 114.38619428464661 37.83963296102408 0.00000000000000 2
685 114.38617509475280 37.83966661983076 0.00000000000000 2
686 114.38614733701340 37.83972232256611 0.00000000000000 2
687 114.38613035856730 37.83975345481115 0.00000000000000 2
688 114.38610993863580 37.83978652075776 0.00000000000000 2
689 114.38608440484360 37.83981742101777 0.00000000000000 2
690 114.38606166217230 37.83984878891963 0.00000000000000 2
691 114.38603689557490 37.83988214347716 0.00000000000000 2
692 114.38601656548011 37.83991748530510 0.00000000000000 2
693 114.38600246886520 37.83995337348372 0.00000000000000 2
694 114.38596353552209 37.84000774518638 0.00000000000000 2
695 114.38594063474621 37.84003764827222 0.00000000000000 2
696 114.38592204879620 37.84006782045571 0.00000000000000 2
697 114.38589673458171 37.84009942296145 0.00000000000000 2
698 114.38587753348200 37.84013291297379 0.00000000000000 2
699 114.38585310228579 37.84016551018163 0.00000000000000 2
700 114.38582665968330 37.84019861132547 0.00000000000000 2
701 114.38580972737520 37.84023370224440 0.00000000000000 2
702 114.38578576287870 37.84028213158605 0.00000000000000 2
703 114.38576911767960 37.84031214283721 0.00000000000000 2
704 114.38576602463991 37.84034516961152 0.00000000000000 2
705 114.38575359631710 37.84037642654054 0.00000000000000 2
706 114.38574096378559 37.84040821688802 0.00000000000000 2
707 114.38573125474610 37.84044189161233 0.00000000000000 2
708 114.38572613922000 37.84047615259940 0.00000000000000 2
709 114.38571296825261 37.84050820259681 0.00000000000000 2
710 114.38570115970180 37.84054348234182 0.00000000000000 2
711 114.38568916077401 37.84057922151786 0.00000000000000 2
712 114.38568020472610 37.84061706915924 0.00000000000000 2
713 114.38567108636900 37.84065560345446 0.00000000000000 2
714 114.38565853932100 37.84069176898718 0.00000000000000 2
715 114.38565580023000 37.84073172832949 0.00000000000000 2
716 114.38564625125569 37.84077080068913 0.00000000000000 2
717 114.38564000887500 37.84080900010729 0.00000000000000 2
718 114.38562846735169 37.84084782395784 0.00000000000000 2
719 114.38560799894660 37.84088725193342 0.00000000000000 2
720 114.38559062154810 37.84092910267497 0.00000000000000 2
721 114.38558173280120 37.84097354704294 0.00000000000000 2
722 114.38557095051441 37.84101708637928 0.00000000000000 2
723 114.38555633299690 37.84106016939960 0.00000000000000 2
724 114.38553782706160 37.84110375459412 0.00000000000000 2
725 114.38549908586801 37.84115562867586 0.00000000000000 2
726 114.38546750516490 37.84118196796537 0.00000000000000 2
727 114.38544381681820 37.84121445158835 0.00000000000000 2
728 114.38540975314450 37.84124462020808 0.00000000000000 2
729 114.38537680580620 37.84127220163886 0.00000000000000 2
730 114.38534842932209 37.84130471917386 0.00000000000000 2
731 114.38531620540449 37.84133625714438 0.00000000000000 2
732 114.38527849526800 37.84135886382845 0.00000000000000 2
733 114.38524018180020 37.84138814337102 0.00000000000000 2
734 114.38520311497940 37.84141727324550 0.00000000000000 2
735 114.38516411897150 37.84144246582152 0.00000000000000 2
736 114.38511546409940 37.84148417250545 0.00000000000000 2
737 114.38508708769780 37.84151184739839 0.00000000000000 2
738 114.38505004210310 37.84152990506048 0.00000000000000 2
739 114.38501270951940 37.84154810236569 0.00000000000000 2
740 114.38497508461580 37.84156787671515 0.00000000000000 2
741 114.38493552313200 37.84158491230749 0.00000000000000 2
742 114.38489727600110 37.84160499757473 0.00000000000000 2
743 114.38485716435660 37.84162083104576 0.00000000000000 2
744 114.38481976814219 37.84164466565741 0.00000000000000 2
745 114.38477860373050 37.84166756855369 0.00000000000000 2
746 114.38473739890929 37.84168431252678 0.00000000000000 2
747 114.38470176008850 37.84171631003900 0.00000000000000 2
748 114.38466313263240 37.84173611043670 0.00000000000000 2
749 114.38462141453890 37.84174694334715 0.00000000000000 2
750 114.38457891952520 37.84176540668844 0.00000000000000 2
751 114.38454127923930 37.84178397002359 0.00000000000000 2
752 114.38449914066840 37.84179195263405 0.00000000000000 2
753 114.38445639287340 37.84180458609175 0.00000000000000 2
754 114.38441482598870 37.84182037420828 0.00000000000000 2
755 114.38437124201700 37.84183627896300 0.00000000000000 2
756 114.38432737352630 37.84185228766481 0.00000000000000 2
757 114.38428342296480 37.84186807171825 0.00000000000000 2
758 114.38423985556599 37.84188170778472 0.00000000000000 2
759 114.38419589088110 37.84189696721820 0.00000000000000 2
760 114.38415026079410 37.84190935460080 0.00000000000000 2
761 114.38410513806090 37.84192196936650 0.00000000000000 2
762 114.38406024620710 37.84194261225502 0.00000000000000 2
763 114.38399695606159 37.84197847482501 0.00000000000000 2
764 114.38395982737060 37.84199759589808 0.00000000000000 4
778 114.38342691600501 37.84233265787330 0.00000000000000 2
779 114.38338260041991 37.84234840039285 0.00000000000000 2
780 114.38334157344610 37.84237501623582 0.00000000000000 2
781 114.38328219774711 37.84238822812719 0.00000000000000 2
782 114.38324382966969 37.84240170445416 0.00000000000000 2
783 114.38320364051440 37.84240911204046 0.00000000000000 2
784 114.38316465308520 37.84242142811767 0.00000000000000 2
785 114.38312684647310 37.84243629336530 0.00000000000000 2
786 114.38308582980019 37.84244260196436 0.00000000000000 2
787 114.38304896121051 37.84245762566685 0.00000000000000 2
788 114.38300998687220 37.84247665835174 0.00000000000000 2
789 114.38297066827241 37.84249460751987 0.00000000000000 2
790 114.38293087034990 37.84251403561385 0.00000000000000 2
791 114.38289120295710 37.84252578517717 0.00000000000000 2
792 114.38285126662880 37.84253870544672 0.00000000000000 2
793 114.38281380278400 37.84255819023387 0.00000000000000 2
794 114.38277729988340 37.84258178956160 0.00000000000000 2
795 114.38271773706551 37.84260627942385 0.00000000000000 2
796 114.38267845419131 37.84262386958152 0.00000000000000 2
797 114.38264010953780 37.84264671679068 0.00000000000000 2
798 114.38260605811131 37.84267226392684 0.00000000000000 2
799 114.38257016284830 37.84269553300706 0.00000000000000 2
800 114.38253243430830 37.84271646041847 0.00000000000000 2
801 114.38249133976410 37.84273370837963 0.00000000000000 2
802 114.38245452263800 37.84275497365694 0.00000000000000 2
803 114.38241647976641 37.84278116254241 0.00000000000000 2
804 114.38238454416120 37.84280890027610 0.00000000000000 2
805 114.38234871880630 37.84283718212429 0.00000000000000 2
806 114.38231065041150 37.84286594543084 0.00000000000000 2
807 114.38227242065690 37.84289222407893 0.00000000000000 2
808 114.38223843435750 37.84292293792490 0.00000000000000 2
809 114.38220513835360 37.84295843176693 0.00000000000000 2
810 114.38216819818460 37.84300242066707 0.00000000000000 2
811 114.38214528566890 37.84303004260380 0.00000000000000 2
812 114.38211744661891 37.84305569708392 0.00000000000000 2
813 114.38209854824051 37.84308638559261 0.00000000000000 2
814 114.38207461424381 37.84311533322451 0.00000000000000 2
815 114.38204544539340 37.84314495430232 0.00000000000000 2
816 114.38201583703210 37.84317502198434 0.00000000000000 2
817 114.38198916967350 37.84320408347612 0.00000000000000 2
818 114.38196685550930 37.84323614530933 0.00000000000000 2
819 114.38194253135310 37.84326875459600 0.00000000000000 2
820 114.38191290500239 37.84330063925321 0.00000000000000 2
821 114.38188948097989 37.84333419496218 0.00000000000000 2
822 114.38187411971040 37.84336939099402 0.00000000000000 2
823 114.38185506130981 37.84340527645975 0.00000000000000 2
824 114.38182871665740 37.84344203506291 0.00000000000000 2
825 114.38180386386639 37.84347780368761 0.00000000000000 2
826 114.38177998151210 37.84351602003808 0.00000000000000 2
827 114.38176104223911 37.84355469513310 0.00000000000000 2
828 114.38173435705190 37.84360940984882 0.00000000000000 2
829 114.38170955232810 37.84364222595951 0.00000000000000 2
830 114.38169756495080 37.84367784784408 0.00000000000000 2
831 114.38168040408171 37.84371283542082 0.00000000000000 2
832 114.38165292639469 37.84374594269705 0.00000000000000 2
833 114.38164014332520 37.84378338735430 0.00000000000000 2
834 114.38162514640950 37.84382105731493 0.00000000000000 2
835 114.38160986723599 37.84385943619903 0.00000000000000 2
836 114.38158542054430 37.84389903926735 0.00000000000000 2
837 114.38156701620539 37.84396234518061 0.00000000000000 2
838 114.38156625302879 37.84399832904102 0.00000000000000 2
839 114.38155693267259 37.84403657933159 0.00000000000000 2
840 114.38154405730781 37.84407562449255 0.00000000000000 2
841 114.38152975511660 37.84411102166368 0.00000000000000 2
842 114.38152002795880 37.84414983329086 0.00000000000000 2
843 114.38151516647640 37.84419067842284 0.00000000000000 2
844 114.38150845945449 37.84423233492002 0.00000000000000 2
845 114.38149649699700 37.84427338748478 0.00000000000000 2
846 114.38148431356370 37.84431519818197 0.00000000000000 2
847 114.38147371135500 37.84435771272541 0.00000000000000 2
848 114.38147953738910 37.84439863811878 0.00000000000000 2
849 114.38147054199700 37.84444261407762 0.00000000000000 2
850 114.38145765868990 37.84448759355704 0.00000000000000 2
851 114.38145111053549 37.84455192920231 0.00000000000000 2
852 114.38144547593031 37.84459293208981 0.00000000000000 2
853 114.38144703982640 37.84463279645989 0.00000000000000 2
854 114.38143947250740 37.84467526306434 0.00000000000000 2
855 114.38142995298639 37.84471854861639 0.00000000000000 2
856 114.38142576581060 37.84476241289740 0.00000000000000 2
857 114.38142318989860 37.84480872315783 0.00000000000000 1
