1 124.68654 52.35576 408.594 0
2 124.68527 52.35685 413.307 2
3 124.68099 52.36062 426.614 2
4 124.68005 52.36189 420.126 2
5 124.67701 52.36584 426.792 2
6 124.67498 52.36835 429.366 2
7 124.67393 52.36925 427.435 2
8 124.67325 52.36962 431.421 2
9 124.66818 52.37226 439.084 2
10 124.66751 52.37271 440.287 2
11 124.66448 52.37530 441.915 2
12 124.66261 52.37685 441.873 2
13 124.66106 52.37771 448.166 2
14 124.65187 52.38198 447.565 2
15 124.64771 52.38394 450.023 2
16 124.64426 52.38550 448.486 2
17 124.64322 52.38593 450.186 2
18 124.64290 52.38652 459.105 2
19 124.64307 52.38687 447.579 2
20 124.64437 52.38807 449.556 2
21 124.64940 52.39281 429.187 2
22 124.64980 52.39321 426.961 2
23 124.65350 52.39659 438.753 2
24 124.65954 52.39776 452.958 2
25 124.66343 52.40027 460.640 3
26 124.66417 52.40071 456.554 2
27 124.66529 52.40137 459.343 2
28 124.66798 52.40206 466.740 2
29 124.66824 52.40208 470.227 2
30 124.66810 52.40184 470.664 2
31 124.66580 52.39634 455.954 2
32 124.66581 52.39572 453.957 2
33 124.66690 52.39208 440.596 2
34 124.66860 52.39084 429.448 2
35 124.67359 52.38949 429.969 2
36 124.67669 52.38751 426.632 2
37 124.68251 52.38567 423.481 2
38 124.68529 52.38472 428.167 2
39 124.68743 52.38325 430.262 2
40 124.68763 52.37897 424.950 2
41 124.69101 52.37534 416.267 2
42 124.69169 52.37550 411.250 2
43 124.69211 52.37532 414.409 4
44 124.69193 52.37482 410.275 2
45 124.69174 52.37466 419.104 2
46 124.69633 52.37061 413.081 2
47 124.69856 52.36680 396.949 2
48 124.70165 52.36367 392.156 2
49 124.70033 52.35927 385.236 2
50 124.70192 52.35554 385.071 1