1 116.11765014 40.17129848 0.00000000 0
2 116.11710136 40.17139745 0.00000000 2
3 116.11694036 40.17142810 0.00000000 2
4 116.11673645 40.17145746 0.00000000 2
5 116.11601774 40.17101259 0.00000000 2
6 116.11566616 40.17070473 0.00000000 2
7 116.11514198 40.17055078 0.00000000 2
8 116.11490549 40.17052869 0.00000000 2
9 116.11319083 40.17023086 0.00000000 2
10 116.11265136 40.17036447 0.00000000 2
11 116.11232772 40.17045059 0.00000000 2
12 116.11201390 40.17055306 0.00000000 2
13 116.11056975 40.17084863 0.00000000 2
14 116.10967008 40.17097219 0.00000000 2
15 116.10914807 40.17097913 0.00000000 2
16 116.10857871 40.17099581 0.00000000 2
17 116.10721891 40.16949491 0.00000000 2
18 116.10701530 40.16933813 0.00000000 2
19 116.10748338 40.16920616 0.00000000 2
20 116.10785098 40.16905147 0.00000000 2
21 116.10827024 40.16890432 0.00000000 2
22 116.10953094 40.16813397 0.00000000 2
23 116.11075772 40.16744453 0.00000000 2
24 116.11140017 40.16706665 0.00000000 2
25 116.11186273 40.16700283 0.00000000 2
26 116.11455744 40.16686528 0.00000000 2
27 116.11635743 40.16611719 0.00000000 2
28 116.11635144 40.16599381 0.00000000 2
29 116.11635145 40.16545393 0.00000000 2
30 116.11635785 40.16535712 0.00000000 2
31 116.11635495 40.16478330 0.00000000 2
32 116.11590291 40.16465257 0.00000000 2
33 116.11523079 40.16473192 0.00000000 2
34 116.11509006 40.16474191 0.00000000 2
35 116.11488019 40.16476117 0.00000000 2
36 116.11393354 40.16486401 0.00000000 2
37 116.11382368 40.16487498 0.00000000 2
38 116.11371593 40.16488240 0.00000000 2
39 116.11363004 40.16488920 0.00000000 2
40 116.11312008 40.16497464 0.00000000 2
41 116.11301674 40.16500153 0.00000000 2
42 116.11063931 40.16535997 0.00000000 2
43 116.11013143 40.16549250 0.00000000 2
44 116.10979893 40.16576652 0.00000000 2
45 116.10972157 40.16584532 0.00000000 2
46 116.10864283 40.16636565 0.00000000 2
47 116.10830108 40.16649418 0.00000000 2
48 116.10813062 40.16657940 0.00000000 2
49 116.10797509 40.16668789 0.00000000 2
50 116.10728928 40.16738221 0.00000000 2
51 116.10722390 40.16742035 0.00000000 2
52 116.10589553 40.16693506 0.00000000 2
53 116.10581887 40.16690203 0.00000000 2
54 116.10522146 40.16664838 0.00000000 2
55 116.10516514 40.16662428 0.00000000 2
56 116.10214490 40.16395736 0.00000000 2
57 116.10210238 40.16387601 0.00000000 2
58 116.10190950 40.16350153 0.00000000 2
59 116.10186773 40.16340969 0.00000000 2
60 116.10174521 40.16210791 0.00000000 2
61 116.10302707 40.16256701 0.00000000 2
62 116.10408658 40.16248322 0.00000000 2
63 116.10494765 40.16269651 0.00000000 2
64 116.10507542 40.16272114 0.00000000 2
65 116.10527120 40.16276858 0.00000000 2
66 116.10567865 40.16308585 0.00000000 2
67 116.10578532 40.16311969 0.00000000 2
68 116.10675528 40.16334655 0.00000000 2
69 116.10682666 40.16335928 0.00000000 2
70 116.10744662 40.16371332 0.00000000 2
71 116.10779667 40.16368036 0.00000000 2
72 116.10930205 40.16403095 0.00000000 2
73 116.10949260 40.16394637 0.00000000 2
74 116.10935119 40.16381478 0.00000000 2
75 116.10895993 40.16342475 0.00000000 2
76 116.10863128 40.16319471 0.00000000 2
77 116.10855391 40.16312455 0.00000000 2
78 116.10804938 40.16263045 0.00000000 2
79 116.10780482 40.16240462 0.00000000 2
80 116.10752092 40.16213890 0.00000000 2
81 116.10734143 40.16195979 0.00000000 2
82 116.10708440 40.16170337 0.00000000 2
83 116.10704273 40.16166541 0.00000000 2
84 116.10856727 40.16166913 0.00000000 2
85 116.10933484 40.16224157 0.00000000 2
86 116.10998478 40.16234488 0.00000000 2
87 116.11016122 40.16206766 0.00000000 2
88 116.11008861 40.16197220 0.00000000 2
89 116.10985937 40.16156223 0.00000000 2
90 116.10976874 40.16140182 0.00000000 2
91 116.10958386 40.16110026 0.00000000 2
92 116.10901149 40.16019742 0.00000000 2
93 116.10898568 40.16015978 0.00000000 2
94 116.10863460 40.15964687 0.00000000 2
95 116.10861673 40.15962106 0.00000000 2
96 116.10865202 40.15948073 0.00000000 2
97 116.10883126 40.15944778 0.00000000 2
98 116.11026774 40.15869237 0.00000000 2
99 116.11031794 40.15874827 0.00000000 2
100 116.11146399 40.16005236 0.00000000 2
101 116.11150778 40.16010586 0.00000000 2
102 116.11277100 40.16024332 0.00000000 2
103 116.11298532 40.16017968 0.00000000 2
104 116.11366288 40.15993670 0.00000000 2
105 116.11381434 40.15986559 0.00000000 2
106 116.11455401 40.15954854 0.00000000 2
107 116.11476142 40.15900659 0.00000000 2
108 116.11493630 40.15863110 0.00000000 2
109 116.11474117 40.15764213 0.00000000 2
110 116.11416982 40.15742657 0.00000000 2
111 116.11342678 40.15679538 0.00000000 2
112 116.11196602 40.15657377 0.00000000 2
113 116.11180266 40.15655683 0.00000000 2
114 116.11074576 40.15640077 0.00000000 2
115 116.11003594 40.15664696 0.00000000 2
116 116.10943031 40.15658271 0.00000000 2
117 116.10788601 40.15630984 0.00000000 2
118 116.10722894 40.15607928 0.00000000 2
119 116.10681540 40.15585179 0.00000000 2
120 116.10650272 40.15569891 0.00000000 2
121 116.10555644 40.15527032 0.00000000 2
122 116.10515697 40.15517572 0.00000000 2
123 116.10504189 40.15514816 0.00000000 2
124 116.10210788 40.15535245 0.00000000 2
125 116.10269835 40.15474343 0.00000000 2
126 116.10480353 40.15215105 0.00000000 2
127 116.10534084 40.15148181 0.00000000 2
128 116.10634538 40.15032185 0.00000000 2
129 116.10676241 40.14980480 0.00000000 2
130 116.10711405 40.14935856 0.00000000 2
131 116.10727315 40.14912111 0.00000000 2
132 116.10737515 40.14882959 0.00000000 2
133 116.10787062 40.14809014 0.00000000 2
134 116.10860208 40.14961410 0.00000000 2
135 116.10938918 40.15109907 0.00000000 2
136 116.11021088 40.15127360 0.00000000 2
137 116.11044843 40.15087363 0.00000000 2
138 116.11025378 40.15048496 0.00000000 2
139 116.11005349 40.15006210 0.00000000 2
140 116.11056849 40.14946962 0.00000000 2
141 116.11174217 40.14924539 0.00000000 2
142 116.11260014 40.15045765 0.00000000 2
143 116.11299391 40.15037272 0.00000000 2
144 116.11332114 40.15036288 0.00000000 2
145 116.11345565 40.15038139 0.00000000 2
146 116.11449186 40.15069978 0.00000000 2
147 116.11449153 40.15081845 0.00000000 2
148 116.11504459 40.15184556 0.00000000 2
149 116.11518724 40.15198873 0.00000000 2
150 116.11580894 40.15266034 0.00000000 2
151 116.11596742 40.15289748 0.00000000 2
152 116.11655317 40.15480050 0.00000000 2
153 116.11646867 40.15611115 0.00000000 2
154 116.11649735 40.15824737 0.00000000 2
155 116.11733199 40.15892675 0.00000000 2
156 116.11922805 40.15919740 0.00000000 2
157 116.11921611 40.15941818 0.00000000 2
158 116.11918392 40.16022205 0.00000000 2
159 116.11917499 40.16044999 0.00000000 2
160 116.11917553 40.16108920 0.00000000 2
161 116.11915922 40.16143600 0.00000000 2
162 116.11913764 40.16203201 0.00000000 2
163 116.11910189 40.16276094 0.00000000 2
164 116.11908116 40.16381438 0.00000000 2
165 116.11907444 40.16418890 0.00000000 2
166 116.11904823 40.16470752 0.00000000 2
167 116.11903133 40.16533718 0.00000000 2
168 116.11902945 40.16552108 0.00000000 2
169 116.11902949 40.16593331 0.00000000 2
170 116.11901400 40.16630374 0.00000000 2
171 116.11898787 40.16673845 0.00000000 2
172 116.11896405 40.16748948 0.00000000 2
173 116.11894560 40.16800037 0.00000000 2
174 116.11892837 40.16877964 0.00000000 2
175 116.11890710 40.16940408 0.00000000 2
176 116.11887731 40.16981718 0.00000000 2
177 116.11887085 40.17031592 0.00000000 2
178 116.11805732 40.17050255 0.00000000 1
