1 114.39616956 37.84582577 0.00000000 0
2 114.39606253 37.84435950 0.00000000 2
3 114.39612203 37.84326946 0.00000000 2
4 114.39614893 37.84229295 0.00000000 2
5 114.39460059 37.84225390 0.00000000 2
6 114.39451023 37.84136848 0.00000000 6
7 114.39607460 37.84155973 0.00000000 7
8 114.39627771 37.84079710 0.00000000 2
9 114.39700992 37.83972974 0.00000000 2
10 114.39849558 37.84020943 0.00000000 2
11 114.39795155 37.84158895 0.00000000 4
12 114.39694558 37.84246941 0.00000000 5
13 114.39661036 37.84288316 0.00000000 1
