0 114.390854947 37.8374820925 153.232 5
1 114.390861265 37.8374833447 153.229 5
2 114.39086718 37.8374845942 153.233 5
3 114.390874301 37.8374870785 153.186 5
4 114.3908798 37.8374887338 153.23 5
5 114.390886497 37.837490169 153.105 5
6 114.390893873 37.8374910367 153.035 5
7 114.390901902 37.837491643 153.002 5
8 114.390907678 37.8374927092 152.943 5
9 114.390913713 37.8374938287 152.914 5
10 114.390919971 37.8374947675 152.921 5
11 114.390926576 37.8374962175 152.859 5
12 114.39093345 37.83749755 152.796 5
13 114.390940749 37.837499614 152.713 5
14 114.390946806 37.8375019058 152.64 5
15 114.390953903 37.8375038198 152.639 5
16 114.390961378 37.837505855 152.588 5
17 114.390969104 37.8375078675 152.486 5
18 114.390976945 37.8375091057 152.446 5
19 114.390984956 37.8375112522 152.443 5
20 114.390992896 37.8375134242 152.374 5
21 114.391001519 37.8375149582 152.378 5
22 114.391010415 37.837516896 152.473 5
23 114.39101802 37.8375186167 152.53 5
24 114.3910264 37.837520284 152.556 5
25 114.391035277 37.8375219213 152.538 5
26 114.391044354 37.8375241648 152.527 5
27 114.391053752 37.8375274653 152.561 5
28 114.391063521 37.8375301515 152.549 5
29 114.391073049 37.8375323998 152.582 5
30 114.391082787 37.8375350923 152.616 5
31 114.391092621 37.8375374513 152.634 5
32 114.391102377 37.8375398308 152.645 5
33 114.391111249 37.8375416368 152.703 5
34 114.391120704 37.837544364 152.696 5
35 114.39113009 37.8375462702 152.973 5
36 114.391140703 37.8375481698 152.959 5
37 114.391151007 37.8375495523 153.082 5
38 114.39116136 37.8375512243 153.252 5
39 114.391171159 37.8375527705 153.428 5
40 114.39118121 37.8375543918 153.537 5
41 114.391191295 37.8375560852 153.633 5
42 114.391201691 37.8375582962 153.708 5
43 114.391212042 37.837559766 153.787 5
44 114.391222512 37.8375610248 153.853 5
45 114.391232715 37.8375627442 153.916 5
46 114.391243195 37.8375641613 153.935 5
47 114.391253877 37.8375656092 153.941 5
48 114.391264408 37.8375670943 153.926 5
49 114.391275311 37.8375687115 153.928 5
50 114.391281013 37.8375694215 153.972 5
51 114.391291157 37.8375705197 153.964 5
52 114.391296888 37.8375711708 154.008 5
53 114.391307741 37.8375725653 153.94 5
54 114.391318509 37.8375735475 153.897 5
55 114.391329492 37.8375741112 153.905 5
56 114.391340197 37.8375740767 153.875 5
57 114.391350814 37.837573941 153.861 5
58 114.39136142 37.8375733413 153.886 5
59 114.391372055 37.8375724015 153.887 5
60 114.391382287 37.8375711847 153.947 5
61 114.391392434 37.8375695985 153.965 5
62 114.391402593 37.83756778 153.932 5
63 114.39141364 37.8375636322 151.799 5
64 114.391423101 37.8375607548 151.75 5
65 114.391433005 37.8375576483 151.761 5
66 114.391443066 37.8375541992 151.679 5
67 114.391452317 37.8375503687 151.767 5
68 114.391461167 37.8375463722 151.65 5
69 114.391470391 37.8375421942 151.688 5
70 114.391479263 37.8375373573 151.641 5
71 114.391487374 37.8375322147 151.809 5
72 114.39149545 37.8375274345 151.605 5
73 114.391503262 37.837522364 151.68 5
74 114.391510671 37.8375170338 151.696 5
75 114.391517767 37.8375113717 151.699 5
76 114.391524555 37.83750564 151.746 5
77 114.391531237 37.8374996473 151.818 5
78 114.391537335 37.8374935237 151.782 5
79 114.391543057 37.8374876262 151.83 5
80 114.391548638 37.8374813425 151.767 5
81 114.391554257 37.8374751588 151.862 5
82 114.391559258 37.8374687072 151.856 5
83 114.391563374 37.837462219 151.848 5
84 114.391568047 37.8374558272 151.884 5
85 114.391572312 37.8374492458 151.907 5
86 114.391576552 37.837442513 151.907 5
87 114.391580315 37.8374356113 151.977 5
88 114.391583356 37.8374286203 151.952 5
89 114.391586558 37.8374215815 152.081 5
90 114.391589365 37.837414577 152.055 5
91 114.39159162 37.837407364 152.164 5
92 114.391593327 37.8374003177 152.209 5
93 114.391595495 37.8373933847 152.291 5
94 114.39159745 37.837386868 152.295 5
95 114.391598821 37.8373805338 152.307 5
96 114.391600156 37.8373740343 152.348 5
97 114.391601056 37.8373676257 152.401 5
98 114.391602177 37.837361444 152.46 5
99 114.391603451 37.837355395 152.503 5
100 114.391603832 37.8373491488 152.495 5
101 114.391605216 37.8373428847 152.582 5
102 114.391606576 37.8373366675 152.639 5
103 114.391606783 37.8373306778 152.61 5
104 114.391608101 37.8373243408 152.68 5
105 114.391608783 37.8373181038 152.703 5
106 114.391609785 37.8373117745 152.667 5
107 114.39161131 37.8373056995 152.899 5
108 114.391611921 37.8373004673 152.885 5
109 114.391612502 37.8372958003 152.903 5
110 114.391613515 37.8372899175 152.911 5
111 114.39161386 37.8372854047 152.869 5
112 114.391614509 37.8372804392 152.961 5
