0 114.388176622 37.8380931967 159.327 5
1 114.388182185 37.8380951205 159.382 5
2 114.388188281 37.8380972568 159.38 5
3 114.388194757 37.8380996057 159.406 5
4 114.388200806 37.8381020873 159.341 5
5 114.388207839 37.8381046632 159.321 5
6 114.388215593 37.8381076007 159.332 5
7 114.388221391 37.8381095288 159.367 5
8 114.388227249 37.8381117578 159.392 5
9 114.388233837 37.8381139228 159.375 5
10 114.388240917 37.8381163152 159.387 5
11 114.388247948 37.8381189917 159.398 5
12 114.388255533 37.838121315 159.413 5
13 114.388263304 37.8381236558 159.387 5
14 114.388271072 37.8381263952 159.388 5
15 114.388279118 37.8381288973 159.408 5
16 114.388287533 37.8381312228 159.396 5
17 114.388295926 37.8381336545 159.406 5
18 114.388304902 37.83813591 159.394 5
19 114.38831378 37.8381382202 159.412 5
20 114.388322963 37.838140474 159.439 5
21 114.388332104 37.8381423843 159.432 5
22 114.388341349 37.8381442673 159.45 5
23 114.388350562 37.8381459812 159.444 5
24 114.388359747 37.8381475373 159.468 5
25 114.388368891 37.8381490825 159.494 5
26 114.388378048 37.8381504563 159.496 5
27 114.388387256 37.8381515165 159.519 5
28 114.388396214 37.838152747 159.501 5
29 114.388405024 37.8381536778 159.513 5
30 114.388413913 37.8381545447 159.517 5
31 114.388422712 37.8381550813 159.517 5
32 114.388431179 37.8381559033 159.516 5
33 114.388439399 37.8381564125 159.565 5
34 114.388447394 37.8381569072 159.547 5
35 114.388454973 37.8381570743 159.546 5
36 114.388462393 37.8381573468 159.57 5
37 114.388469509 37.8381575965 159.597 5
38 114.38847609 37.8381579718 159.579 5
39 114.388482166 37.8381583495 159.607 5
40 114.388490554 37.838159309 159.598 5
41 114.388498318 37.8381604245 159.609 5
42 114.388505239 37.8381620298 159.6 5
43 114.388511234 37.8381642693 159.589 5
44 114.388516396 37.8381666872 159.592 5
45 114.388520607 37.8381699997 159.606 5
46 114.38852575 37.8381741422 159.609 5
47 114.388529984 37.838177983 159.586 5
48 114.38853358 37.8381823702 159.577 5
49 114.388535448 37.8381870253 159.509 5
50 114.388537845 37.8381917995 159.472 5
51 114.388540374 37.8381968583 159.384 5
52 114.388541981 37.8382021828 159.347 5
53 114.388542997 37.8382078233 159.289 5
54 114.388543622 37.8382138922 159.24 5
55 114.388544134 37.8382197435 159.246 5
56 114.38854419 37.8382258983 159.259 5
57 114.388544514 37.838231888 159.237 5
58 114.388544238 37.8382379597 159.185 5
59 114.388544449 37.8382424632 159.187 5
60 114.388541478 37.8382479385 159.95 5
61 114.388542781 37.8382542085 160.049 5
62 114.38854305 37.8382588205 160.09 5
63 114.388543318 37.8382634553 160.097 5
64 114.388543753 37.8382680402 160.074 5
65 114.388543775 37.8382746143 160.055 5
66 114.388544451 37.8382822118 160.045 5
67 114.388544612 37.8382871782 160.014 5
68 114.388544495 37.8382923355 160.003 5
69 114.388543849 37.8382971265 160.006 5
