0 114.387712057 37.8380239997 159.561 5
1 114.387706313 37.838024419 159.545 5
2 114.387699752 37.8380249793 159.551 5
3 114.387693422 37.8380253962 159.562 5
4 114.387687583 37.8380257972 159.563 5
5 114.387681611 37.8380263408 159.564 5
6 114.387675756 37.8380267487 159.578 5
7 114.387668969 37.838027248 159.577 5
8 114.387663238 37.838027662 159.572 5
9 114.387657232 37.8380280598 159.563 5
10 114.387649211 37.8380286242 159.569 5
11 114.387643331 37.8380291878 159.56 5
12 114.387636256 37.8380296705 159.557 5
13 114.387629705 37.8380300888 159.568 5
14 114.387621896 37.8380306198 159.579 5
15 114.387614796 37.8380312728 159.571 5
16 114.38760843 37.8380317885 159.578 5
17 114.387600714 37.8380324183 159.588 5
18 114.387592825 37.8380329213 159.588 5
19 114.387587001 37.8380333218 159.572 5
20 114.387580945 37.8380337352 159.571 5
21 114.387574747 37.838034286 159.575 5
22 114.387568384 37.8380348623 159.582 5
23 114.38756199 37.8380354487 159.586 5
24 114.387555454 37.8380359165 159.589 5
25 114.387548821 37.8380363542 159.584 5
26 114.387542058 37.8380368882 159.578 5
27 114.387535196 37.8380375297 159.574 5
28 114.387528189 37.8380382123 159.574 5
29 114.387521244 37.8380388303 159.573 5
30 114.387514092 37.8380394093 159.578 5
31 114.387506777 37.8380400332 159.569 5
32 114.387499557 37.8380407152 159.561 5
33 114.38749209 37.8380413972 159.574 5
34 114.387484609 37.8380421445 159.563 5
35 114.387477036 37.8380429153 159.563 5
36 114.387469434 37.8380436777 159.563 5
37 114.387461682 37.8380444693 159.565 5
38 114.387454042 37.8380452372 159.568 5
39 114.387446201 37.8380460403 159.563 5
40 114.387438321 37.8380468163 159.575 5
41 114.387430449 37.8380476455 159.572 5
42 114.387422364 37.8380485445 159.582 5
43 114.387414217 37.8380493997 159.601 5
44 114.387406094 37.8380502418 159.627 5
45 114.387398024 37.8380511302 159.623 5
46 114.387389997 37.8380520092 159.632 5
47 114.387381938 37.838052938 159.63 5
48 114.387373787 37.8380538615 159.642 5
49 114.387365639 37.8380548175 159.646 5
50 114.387357478 37.8380557787 159.661 5
51 114.38734932 37.8380567595 159.662 5
52 114.387341205 37.838057672 159.666 5
53 114.387333102 37.838058555 159.671 5
54 114.387324976 37.8380594638 159.653 5
55 114.387316822 37.8380604077 159.667 5
56 114.387308685 37.8380613992 159.67 5
57 114.387300564 37.8380624865 159.669 5
58 114.38729255 37.83806352 159.667 5
59 114.387284511 37.8380646302 159.663 5
60 114.387276581 37.8380659162 159.664 5
61 114.38726873 37.838067285 159.668 5
62 114.387260969 37.8380686608 159.659 5
63 114.387253175 37.8380700735 159.651 5
64 114.387245417 37.8380716355 159.654 5
65 114.387237747 37.8380734158 159.656 5
66 114.387230201 37.8380752515 159.666 5
67 114.38722275 37.8380773045 159.67 5
68 114.387215538 37.8380795162 159.657 5
69 114.387208603 37.8380820445 159.631 5
70 114.387201731 37.838084643 159.63 5
71 114.387194938 37.8380873273 159.627 5
72 114.387188353 37.8380902953 159.625 5
73 114.387181953 37.8380935553 159.633 5
74 114.387175754 37.8380969335 159.644 5
75 114.387169893 37.838100504 159.656 5
76 114.387164222 37.8381042512 159.673 5
77 114.3871588 37.8381081482 159.668 5
78 114.387153678 37.8381121198 159.687 5
79 114.387148903 37.8381163115 159.689 5
80 114.387144636 37.8381206857 159.694 5
81 114.387140465 37.8381251395 159.703 5
82 114.387136376 37.8381296373 159.707 5
83 114.387132747 37.8381343257 159.757 5
84 114.387129449 37.8381390425 159.781 5
85 114.387126338 37.8381438315 159.782 5
86 114.387123564 37.8381487045 159.801 5
87 114.387120945 37.8381537188 159.822 5
88 114.387118714 37.8381587703 159.84 5
89 114.387116627 37.8381638135 159.869 5
90 114.387114555 37.8381688188 159.9 5
91 114.387112667 37.8381738617 159.881 5
92 114.387110964 37.8381788497 159.879 5
93 114.387109441 37.8381839425 159.879 5
94 114.387107926 37.8381889918 159.882 5
95 114.387106634 37.8381939747 159.879 5
96 114.387105429 37.8381989802 159.872 5
97 114.387104174 37.8382040342 159.866 5
98 114.387103003 37.838209041 159.853 5
99 114.387101957 37.8382141297 159.835 5
100 114.38710099 37.8382191395 159.844 5
101 114.387100126 37.8382241492 159.832 5
102 114.387099163 37.8382291232 159.822 5
103 114.387098215 37.8382341548 159.812 5
104 114.38709723 37.838239156 159.807 5
105 114.387096304 37.8382442233 159.804 5
106 114.387095595 37.8382492472 159.79 5
107 114.387094735 37.8382542068 159.771 5
108 114.387093811 37.8382591248 159.751 5
109 114.387092976 37.8382641365 159.733 5
110 114.387092096 37.8382691195 159.71 5
111 114.387091258 37.8382741195 159.697 5
112 114.387090361 37.838279065 159.677 5
113 114.387089611 37.8382840415 159.667 5
114 114.387088762 37.8382889575 159.652 5
115 114.387087934 37.8382938475 159.627 5
116 114.38708709 37.8382987723 159.622 5
117 114.387086307 37.8383037117 159.609 5
118 114.387085515 37.8383086267 159.6 5
119 114.387084779 37.838313538 159.593 5
120 114.387084083 37.8383184352 159.601 5
121 114.387083343 37.8383232858 159.592 5
122 114.38708261 37.8383281305 159.585 5
123 114.387081844 37.8383329423 159.583 5
124 114.387081064 37.8383378397 159.573 5
125 114.387080357 37.8383426548 159.586 5
126 114.387079669 37.8383474195 159.589 5
127 114.387078875 37.8383520188 159.595 5
128 114.387077791 37.8383589945 159.602 5
129 114.387077049 37.8383647963 159.587 5
130 114.387076036 37.8383703955 159.577 5
131 114.387075092 37.8383750563 159.588 5
132 114.387074341 37.8383801677 159.583 5
133 114.387073839 37.8383850203 159.582 5
134 114.387073053 37.8383912985 159.571 5
135 114.387072152 37.8383959192 159.56 5
136 114.387071281 37.8384011122 159.535 5
137 114.387070702 37.8384057967 159.515 5
138 114.38706988 37.838411001 159.508 5
139 114.387069308 37.8384159025 159.453 5
140 114.387068612 37.8384208168 159.433 5
141 114.38706788 37.8384254378 159.417 5
