0 114.387055156 37.8384961648 159.241 5
1 114.387056086 37.8384910397 159.249 5
2 114.387056829 37.8384863987 159.264 5
3 114.387057342 37.8384819082 159.276 5
4 114.387058071 37.8384771297 159.296 5
5 114.387058858 37.838472519 159.318 5
6 114.387059641 37.8384673237 159.311 5
7 114.387060498 37.8384619872 159.318 5
8 114.387061109 37.8384562037 159.353 5
9 114.387062075 37.8384501938 159.37 5
10 114.387063332 37.8384439315 159.381 5
11 114.387063963 37.8384393235 159.402 5
12 114.387064395 37.8384345753 159.426 5
13 114.387065503 37.838426944 159.435 5
14 114.387066631 37.8384194522 159.449 5
15 114.387067297 37.8384147523 159.48 5
16 114.387067969 37.838409799 159.498 5
17 114.387068929 37.8384028645 159.53 5
18 114.387069467 37.838398363 159.555 5
19 114.387070103 37.838393807 159.561 5
20 114.387070808 37.8383891548 159.566 5
21 114.387071538 37.8383843637 159.579 5
22 114.387072332 37.8383794807 159.588 5
23 114.387073022 37.8383744705 159.591 5
24 114.387073684 37.838369265 159.594 5
25 114.387074686 37.8383617938 159.591 5
26 114.387075985 37.8383528798 159.602 5
27 114.387076794 37.838347216 159.611 5
28 114.387077602 37.8383415613 159.609 5
29 114.387078487 37.8383358005 159.629 5
30 114.387079325 37.8383301117 159.608 5
31 114.387080142 37.8383242505 159.624 5
32 114.387081107 37.838318354 159.634 5
33 114.387081843 37.8383125003 159.639 5
34 114.387082907 37.8383065997 159.663 5
35 114.387083951 37.8383006872 159.674 5
36 114.387084734 37.8382959898 159.666 5
37 114.387085857 37.8382887852 159.698 5
38 114.387086915 37.8382827457 159.718 5
39 114.387087904 37.8382767433 159.74 5
40 114.387088925 37.8382706902 159.755 5
41 114.387090023 37.8382647507 159.771 5
42 114.387090867 37.838259975 159.786 5
43 114.38709209 37.8382528337 159.81 5
44 114.387092877 37.8382480587 159.807 5
45 114.387094226 37.8382409822 159.83 5
46 114.387095485 37.8382350782 159.863 5
47 114.387096659 37.8382293005 159.875 5
48 114.387097777 37.838223551 159.872 5
49 114.387099085 37.8382178427 159.872 5
50 114.387100431 37.8382122018 159.894 5
51 114.387101931 37.8382066775 159.916 5
52 114.38710327 37.8382012617 159.92 5
53 114.387104729 37.8381958852 159.925 5
54 114.387106807 37.838188408 159.938 5
55 114.387109389 37.8381801327 159.939 5
56 114.387111152 37.8381750237 159.936 5
57 114.387112959 37.8381699047 159.918 5
58 114.38711477 37.838164794 159.935 5
59 114.387116713 37.8381598103 159.898 5
60 114.387119005 37.8381548998 159.896 5
61 114.387121473 37.8381501723 159.887 5
62 114.387124134 37.8381456083 159.82 5
63 114.387128255 37.838139203 159.799 5
64 114.387133648 37.8381323048 159.763 5
65 114.387137143 37.8381281685 159.747 5
66 114.387142407 37.838122492 159.735 5
67 114.387148214 37.8381171778 159.708 5
68 114.387153425 37.8381128438 159.698 5
69 114.387160049 37.8381080178 159.712 5
70 114.387167776 37.8381029193 159.696 5
71 114.3871727 37.8380998452 159.676 5
72 114.387179932 37.8380957283 159.638 5
73 114.387188606 37.8380914682 159.659 5
74 114.387194293 37.8380889798 159.66 5
75 114.387202519 37.8380856047 159.64 5
76 114.387210887 37.8380824598 159.658 5
77 114.38721848 37.8380801523 159.662 5
78 114.387227652 37.8380776235 159.684 5
79 114.387238295 37.8380749638 159.676 5
80 114.387245036 37.8380735115 159.679 5
81 114.387254636 37.838071587 159.67 5
82 114.387260167 37.8380704698 159.667 5
83 114.387265732 37.8380693528 159.675 5
84 114.387272995 37.8380680687 159.662 5
85 114.387280277 37.838066876 159.677 5
86 114.387287628 37.8380657513 159.668 5
87 114.387296569 37.838064459 159.678 5
88 114.387302574 37.8380636168 159.673 5
89 114.387310124 37.8380626005 159.661 5
90 114.387317757 37.838061626 159.672 5
91 114.387325393 37.8380606538 159.67 5
92 114.387333077 37.8380597387 159.664 5
93 114.387340818 37.8380587955 159.671 5
94 114.387348534 37.8380578515 159.677 5
95 114.387356337 37.8380570307 159.681 5
96 114.387364134 37.8380562662 159.669 5
97 114.387370222 37.8380556057 159.655 5
98 114.387379471 37.8380546108 159.657 5
99 114.387386985 37.8380537642 159.65 5
100 114.38739425 37.838052898 159.653 5
101 114.387401402 37.8380520485 159.654 5
102 114.387408201 37.8380512818 159.649 5
103 114.387417294 37.8380502088 159.641 5
104 114.387425607 37.8380492415 159.636 5
105 114.387432367 37.8380485102 159.596 5
106 114.387439716 37.838047679 159.594 5
107 114.38744734 37.8380468332 159.598 5
108 114.38745561 37.838045957 159.601 5
109 114.387462478 37.8380452532 159.586 5
110 114.387468725 37.838044599 159.602 5
111 114.387474642 37.8380439907 159.613 5
