0 114.39060328 37.8372641448 159.033 5
1 114.390609259 37.8372646907 159.001 5
2 114.390616037 37.8372649968 158.998 5
3 114.39062169 37.837265512 158.964 5
4 114.390628451 37.837265758 159.025 5
5 114.390636429 37.8372664953 158.974 5
6 114.390642573 37.8372669233 159.038 5
7 114.390648994 37.8372674203 159.029 5
8 114.390655801 37.8372678542 159.021 5
9 114.390663257 37.8372683418 159.023 5
10 114.390671087 37.8372690725 158.994 5
11 114.390679161 37.8372696763 159.018 5
12 114.390687742 37.8372703323 159.013 5
13 114.390696484 37.837270949 159.01 5
14 114.390705612 37.8372717577 158.972 5
15 114.390715053 37.8372725322 158.979 5
16 114.390724677 37.8372733137 158.96 5
17 114.390734551 37.8372742063 158.975 5
18 114.390744919 37.8372751285 158.944 5
19 114.390755401 37.837276076 158.942 5
20 114.390765948 37.8372770905 158.93 5
21 114.390776683 37.8372782125 158.889 5
22 114.390787634 37.8372791282 158.905 5
23 114.390798654 37.8372801248 158.898 5
24 114.390809608 37.8372812867 158.882 5
25 114.390820782 37.8372822192 158.865 5
26 114.390832012 37.8372833392 158.851 5
27 114.390837737 37.8372838933 158.868 5
28 114.390843539 37.8372844838 158.865 5
29 114.390849287 37.8372850145 158.862 5
30 114.390855031 37.8372855507 158.838 5
31 114.390860851 37.837286133 158.827 5
32 114.390866681 37.8372866182 158.823 5
33 114.390872618 37.837287223 158.83 5
34 114.390878526 37.8372878295 158.808 5
35 114.390884454 37.8372884102 158.815 5
36 114.390890449 37.8372890025 158.808 5
37 114.390896547 37.837289537 158.808 5
38 114.39090259 37.8372900823 158.792 5
39 114.390908641 37.8372906847 158.793 5
40 114.390914775 37.8372912718 158.787 5
41 114.390920997 37.8372918652 158.778 5
42 114.390927224 37.8372923785 158.787 5
43 114.390933496 37.8372929155 158.785 5
44 114.390939729 37.8372935068 158.777 5
45 114.390945955 37.8372941498 158.777 5
46 114.390952124 37.8372947485 158.764 5
47 114.390958322 37.8372953232 158.747 5
48 114.390964541 37.837295878 158.733 5
49 114.390970854 37.8372964033 158.727 5
50 114.390977053 37.83729695 158.732 5
51 114.390983332 37.8372975743 158.718 5
52 114.390989371 37.8372981573 158.703 5
53 114.390995545 37.8372987343 158.692 5
54 114.391001723 37.8372992402 158.691 5
55 114.391007903 37.837299791 158.669 5
56 114.391014059 37.8373004023 158.647 5
57 114.391020183 37.8373010285 158.656 5
58 114.391026236 37.837301627 158.654 5
59 114.391032274 37.8373021675 158.651 5
60 114.391038344 37.8373027895 158.636 5
61 114.39104436 37.8373034197 158.631 5
62 114.391050478 37.8373040657 158.636 5
63 114.391056566 37.8373047222 158.653 5
64 114.391062478 37.8373052238 158.641 5
65 114.391068374 37.83730582 158.634 5
66 114.391074326 37.8373065242 158.625 5
67 114.391080294 37.8373072428 158.606 5
68 114.391086188 37.8373078433 158.607 5
69 114.391092065 37.837308287 158.626 5
70 114.391098101 37.837308887 158.625 5
71 114.391103856 37.8373095767 158.606 5
72 114.391109599 37.8373101537 158.615 5
73 114.391115479 37.8373107765 158.601 5
74 114.391121392 37.8373113988 158.616 5
75 114.391127149 37.8373119918 158.609 5
76 114.391132868 37.837312601 158.61 5
77 114.391138588 37.837313249 158.601 5
78 114.39114429 37.8373138535 158.58 5
79 114.391150053 37.8373144757 158.573 5
80 114.391155812 37.8373151442 158.568 5
81 114.391161543 37.837315831 158.567 5
82 114.391172868 37.8373171555 158.576 5
83 114.391178508 37.837317808 158.552 5
84 114.391184257 37.8373183992 158.546 5
85 114.391189956 37.8373190102 158.536 5
86 114.39120113 37.8373206118 158.529 5
87 114.391206767 37.8373212563 158.527 5
88 114.391217941 37.8373223705 158.513 5
89 114.391223561 37.8373230223 158.489 5
90 114.391234566 37.8373248133 158.486 5
91 114.391245551 37.8373262708 158.456 5
92 114.391256675 37.8373272978 158.446 5
93 114.391267577 37.8373291863 158.441 5
94 114.391278206 37.8373304958 158.445 5
95 114.391289029 37.8373315425 158.407 5
96 114.391299788 37.837333021 158.418 5
97 114.391305393 37.8373338007 158.431 5
98 114.39131627 37.837335061 158.458 5
99 114.391326637 37.837336186 158.413 5
100 114.3913373 37.8373373577 158.375 5
101 114.391348029 37.8373386522 158.312 5
102 114.391358693 37.8373399165 158.307 5
103 114.391369306 37.837341041 158.288 5
104 114.391379761 37.83734214 158.258 5
105 114.391390238 37.837343343 158.248 5
106 114.391400365 37.837344503 158.256 5
107 114.391409877 37.8373454937 158.267 5
108 114.391418984 37.8373466092 158.205 5
109 114.391427239 37.8373474707 158.185 5
110 114.391435185 37.8373476927 158.221 5
111 114.391442947 37.8373475423 158.167 5
112 114.39145015 37.8373466457 158.201 5
113 114.391457018 37.8373454603 158.245 5
114 114.391463436 37.8373439047 158.241 5
115 114.391469273 37.8373416732 158.206 5
116 114.39147451 37.8373387787 158.229 5
117 114.39147939 37.8373356715 158.249 5
118 114.391483782 37.8373322342 158.258 5
119 114.391487366 37.837328723 158.281 5
120 114.391490169 37.8373247538 158.265 5
121 114.39149356 37.8373186798 158.29 5
122 114.391496255 37.837312282 158.301 5
123 114.391497199 37.8373078208 158.338 5
124 114.391498287 37.8373033495 158.322 5
125 114.391499563 37.8372987952 158.245 5
126 114.391500262 37.8372936147 158.259 5
127 114.391500743 37.8372881247 158.302 5
128 114.391501651 37.8372827432 158.277 5
129 114.391502345 37.8372768433 158.267 5
130 114.391502854 37.8372707838 158.333 5
131 114.391503572 37.8372642268 158.361 5
132 114.391504416 37.8372575035 158.382 5
133 114.391505017 37.8372506542 158.427 5
134 114.391506078 37.8372439225 158.401 5
135 114.391506482 37.8372371905 158.443 5
136 114.391507207 37.837230681 158.395 5
137 114.39150798 37.8372248268 158.373 5
138 114.391508637 37.8372195407 158.411 5
139 114.391509045 37.8372147085 158.451 5
140 114.391509507 37.8372087188 158.467 5
141 114.3915103 37.8372031602 158.462 5
142 114.391509744 37.8372081102 158.456 5
143 114.391509039 37.8372127015 158.444 5
144 114.391508874 37.8372177225 158.467 5
145 114.391508652 37.8372222892 158.395 5
146 114.391507702 37.837227521 158.382 5
147 114.391507779 37.8372320623 158.393 5
148 114.391507734 37.8372372568 158.379 5
149 114.391508394 37.8372422107 158.392 5
150 114.39150912 37.8372468142 158.374 5
151 114.391511311 37.8372511937 158.313 5
152 114.39151345 37.8372555648 158.368 5
153 114.391516191 37.8372596253 158.413 5
154 114.391512822 37.8372550338 158.32 5
155 114.391508633 37.8372512465 158.391 5
156 114.391504167 37.8372478642 158.399 5
157 114.391498758 37.8372442902 158.439 5
158 114.391493624 37.8372418375 158.441 5
159 114.391487394 37.8372396742 158.428 5
160 114.391480554 37.8372379213 158.388 5
161 114.391473339 37.8372364763 158.355 5
162 114.391467656 37.8372356445 158.369 5
163 114.391461803 37.8372351182 158.379 5
164 114.391455581 37.8372349212 158.372 5
165 114.391449009 37.8372352303 158.346 5
166 114.39144205 37.8372353252 158.372 5
167 114.391434809 37.8372355402 158.382 5
168 114.391427317 37.8372360357 158.385 5
169 114.391419465 37.8372369333 158.404 5
170 114.391411726 37.837237593 158.389 5
171 114.39140357 37.83723827 158.439 5
172 114.391395228 37.8372390638 158.418 5
173 114.391386783 37.8372400897 158.387 5
174 114.391377681 37.8372409295 158.476 5
175 114.391368627 37.8372419128 158.478 5
176 114.391359305 37.8372428062 158.5 5
177 114.391349575 37.8372438905 158.518 5
178 114.391339808 37.8372450462 158.525 5
179 114.391329748 37.8372460892 158.546 5
180 114.391319723 37.8372472997 158.543 5
181 114.39130944 37.8372485648 158.553 5
182 114.391298888 37.837249862 158.605 5
183 114.391288414 37.837251245 158.613 5
184 114.391277798 37.8372525038 158.629 5
185 114.391267034 37.8372539455 158.61 5
186 114.391256074 37.8372554428 158.671 5
187 114.391245076 37.8372569922 158.661 5
188 114.391239453 37.8372576572 158.661 5
189 114.391233811 37.8372583583 158.674 5
190 114.391222688 37.8372600488 158.689 5
