0 114.389170246 37.8405768002 143.182 5
1 114.38916406 37.840577051 143.169 5
2 114.389157891 37.840577244 143.175 5
3 114.389152209 37.840577495 143.184 5
4 114.389146297 37.8405776173 143.191 5
5 114.389139936 37.840577755 143.202 5
6 114.389134178 37.8405778157 143.209 5
7 114.389127113 37.840578128 143.202 5
8 114.389119383 37.8405785803 143.203 5
9 114.389113196 37.840578789 143.204 5
10 114.389107452 37.8405790622 143.195 5
11 114.389101441 37.8405791797 143.166 5
12 114.389095237 37.8405793702 143.161 5
13 114.389089422 37.840579952 143.169 5
14 114.389082795 37.8405805923 143.144 5
15 114.389075816 37.8405806965 143.128 5
16 114.389068607 37.840580901 143.129 5
17 114.389061229 37.840581472 143.15 5
18 114.389053936 37.8405821503 143.155 5
19 114.389046748 37.8405824515 143.139 5
20 114.389039568 37.8405827275 143.127 5
21 114.38903243 37.8405833205 143.134 5
22 114.389026095 37.8405838317 143.133 5
23 114.389020384 37.8405842132 143.135 5
24 114.389014705 37.8405846325 143.126 5
25 114.38900839 37.8405851405 143.14 5
26 114.389001592 37.8405858025 143.14 5
27 114.388994896 37.8405862713 143.144 5
28 114.388987985 37.840586922 143.146 5
29 114.388980397 37.8405877888 143.118 5
30 114.388974308 37.840588429 143.117 5
31 114.38896756 37.8405891705 143.158 5
32 114.388960968 37.8405899737 143.155 5
33 114.388953773 37.8405908998 143.13 5
34 114.388946889 37.840591463 143.14 5
35 114.388940149 37.8405921747 143.145 5
36 114.388934222 37.8405930943 143.146 5
37 114.388926868 37.8405942507 143.155 5
38 114.388920923 37.840594889 143.132 5
39 114.388914211 37.8405956047 143.11 5
40 114.388907413 37.8405966335 143.118 5
41 114.388900732 37.8405976858 143.113 5
42 114.388893366 37.8405987417 143.091 5
43 114.388886692 37.840599619 143.086 5
44 114.388880706 37.8406005518 143.082 5
45 114.388873929 37.8406019433 143.056 5
46 114.388867099 37.8406031337 143.044 5
47 114.388860093 37.8406040435 143.065 5
48 114.388854018 37.8406046178 143.07 5
49 114.388845959 37.8406057705 143.048 5
50 114.388839359 37.840606988 143.021 5
51 114.388833314 37.8406078815 142.992 5
52 114.388826474 37.8406085792 142.993 5
53 114.388819637 37.8406093172 142.992 5
54 114.388812229 37.8406102613 142.981 5
55 114.388805396 37.8406110065 142.985 5
56 114.388797288 37.8406116423 142.983 5
57 114.388790619 37.840612285 142.979 5
58 114.388784001 37.8406127147 142.986 5
59 114.388777399 37.8406131285 142.99 5
60 114.38877079 37.8406133687 142.984 5
61 114.388764224 37.8406136958 142.979 5
62 114.388757504 37.8406138507 142.993 5
63 114.388750681 37.8406138665 142.978 5
64 114.388743804 37.8406140428 142.99 5
65 114.388736795 37.8406139993 142.978 5
66 114.388729625 37.8406140228 142.995 5
67 114.388722625 37.8406136362 142.98 5
68 114.388715553 37.8406137252 142.978 5
69 114.388709772 37.8406135673 142.982 5
70 114.388702509 37.8406133498 142.962 5
71 114.388695887 37.8406132042 142.953 5
72 114.388687565 37.8406129957 142.984 5
73 114.388680024 37.8406127803 142.981 5
74 114.388672133 37.840612478 142.975 5
75 114.388664131 37.8406121803 142.997 5
76 114.388656132 37.840612073 143.019 5
77 114.388648234 37.8406119477 143.026 5
78 114.388641104 37.8406116098 143.016 5
79 114.388632375 37.840611344 143.01 5
80 114.38862451 37.8406111808 143.015 5
81 114.388617395 37.840610935 143.02 5
82 114.3886087 37.8406106665 143.031 5
83 114.388601065 37.8406106307 143.037 5
84 114.388593515 37.8406103263 143.04 5
85 114.388585815 37.8406098947 143.055 5
86 114.38857903 37.8406096888 143.052 5
87 114.388571057 37.8406095418 143.065 5
88 114.388565285 37.8406093475 143.083 5
89 114.388559605 37.8406091442 143.073 5
90 114.388553392 37.8406091493 143.025 5
91 114.388546407 37.8406087682 143.043 5
92 114.388539304 37.840608274 143.054 5
93 114.388532345 37.8406081323 143.046 5
94 114.388525367 37.8406080957 143.05 5
95 114.38851834 37.8406077672 143.051 5
96 114.388511495 37.8406072253 143.018 5
97 114.388504673 37.8406067492 143.01 5
98 114.388497819 37.8406065045 143.002 5
99 114.388490967 37.8406060953 143 5
100 114.388483873 37.8406055497 142.985 5
101 114.388476681 37.840604618 143.002 5
102 114.388469418 37.840603933 143.017 5
103 114.388462013 37.84060314 143.042 5
104 114.388454711 37.8406023288 143.042 5
105 114.388447327 37.840601318 143.046 5
106 114.388440685 37.8406002497 143.055 5
107 114.388434731 37.8405993078 143.054 5
108 114.38842866 37.8405984092 143.048 5
109 114.388421791 37.8405973685 143.052 5
110 114.388413313 37.8405958352 143.064 5
111 114.388406297 37.840594508 143.081 5
112 114.388400661 37.8405935688 143.094 5
113 114.388393582 37.8405923497 143.102 5
114 114.388385843 37.840590851 143.115 5
115 114.388378103 37.8405893788 143.113 5
116 114.388371148 37.8405882163 143.091 5
117 114.388364904 37.8405870172 143.093 5
118 114.388357029 37.8405851862 143.123 5
119 114.388349318 37.8405835842 143.098 5
120 114.388341734 37.8405822585 143.109 5
121 114.388335632 37.8405809043 143.12 5
122 114.388329058 37.8405793065 143.085 5
123 114.388322217 37.8405773457 143.079 5
124 114.388314829 37.840575894 143.085 5
125 114.388306883 37.8405742857 143.083 5
126 114.38829979 37.840572535 143.071 5
127 114.388293696 37.8405706108 143.118 5
128 114.388286405 37.840569012 143.112 5
129 114.388279133 37.840567618 143.081 5
130 114.388272475 37.840566077 143.093 5
131 114.388266465 37.840564532 143.134 5
132 114.388259785 37.8405629525 143.149 5
133 114.388252096 37.8405611185 143.133 5
134 114.388246628 37.840559794 143.134 5
135 114.388240388 37.8405583377 143.167 5
136 114.388233446 37.840556763 143.21 5
137 114.388227978 37.8405554345 143.194 5
138 114.38822111 37.8405533235 143.198 5
139 114.388215594 37.8405518017 143.21 5
140 114.388210031 37.8405504555 143.23 5
141 114.388204378 37.8405490733 143.249 5
142 114.388197995 37.8405472652 143.26 5
143 114.388191761 37.8405453728 143.265 5
144 114.388185494 37.8405435695 143.274 5
145 114.388177276 37.8405414723 143.293 5
146 114.388170025 37.8405394735 143.287 5
147 114.38816431 37.8405379822 143.312 5
148 114.388157051 37.8405360652 143.349 5
149 114.388151436 37.8405345485 143.367 5
150 114.38814506 37.8405327233 143.381 5
151 114.388136953 37.840530557 143.4 5
152 114.388129372 37.8405287912 143.436 5
153 114.388123429 37.840527348 143.461 5
154 114.388116026 37.840525385 143.474 5
155 114.38811049 37.8405238293 143.48 5
156 114.38810407 37.8405220995 143.467 5
157 114.388096132 37.8405202765 143.452 5
158 114.388088877 37.8405186353 143.446 5
159 114.388083242 37.8405172 143.483 5
160 114.388076721 37.8405157072 143.499 5
161 114.388070348 37.840514297 143.514 5
162 114.388063984 37.8405129552 143.552 5
163 114.388056238 37.8405112227 143.558 5
164 114.388049312 37.8405096588 143.555 5
165 114.388043584 37.8405085643 143.543 5
166 114.388036735 37.840507332 143.557 5
167 114.388029894 37.8405060633 143.572 5
168 114.388023027 37.8405047555 143.577 5
169 114.388014446 37.8405030847 143.6 5
170 114.388006817 37.8405018098 143.565 5
171 114.388000667 37.840500736 143.562 5
172 114.387993698 37.8404995742 143.573 5
173 114.387986648 37.8404985208 143.577 5
174 114.387979435 37.8404975325 143.613 5
175 114.387970626 37.840496338 143.622 5
176 114.387962633 37.8404952767 143.645 5
177 114.387956311 37.8404943813 143.671 5
178 114.387948235 37.8404935333 143.686 5
179 114.387941938 37.8404930568 143.712 5
180 114.387934716 37.8404924813 143.736 5
181 114.387927401 37.8404915877 143.749 5
182 114.387921021 37.8404910108 143.751 5
183 114.387914409 37.8404906705 143.755 5
184 114.387907829 37.8404904133 143.769 5
185 114.387901371 37.8404899797 143.773 5
186 114.387893038 37.840489369 143.77 5
187 114.387886496 37.8404891675 143.778 5
188 114.387880049 37.8404890797 143.797 5
189 114.387873638 37.8404890048 143.812 5
190 114.387867943 37.840488945 143.814 5
191 114.387860409 37.8404888748 143.82 5
192 114.387851052 37.840488797 143.855 5
193 114.387841907 37.8404887257 143.89 5
194 114.387832885 37.8404891248 143.856 5
195 114.387824979 37.8404895048 143.838 5
196 114.387818824 37.8404895045 143.854 5
197 114.387811004 37.8404895358 143.867 5
198 114.38780517 37.8404897977 143.844 5
199 114.387799351 37.8404899942 143.842 5
200 114.38779346 37.840490164 143.852 5
201 114.38778583 37.8404903582 143.863 5
202 114.387779997 37.8404904525 143.863 5
203 114.387773364 37.8404906632 143.883 5
204 114.387766026 37.8404909188 143.913 5
205 114.387760356 37.8404911785 143.914 5
206 114.387753064 37.8404915105 143.901 5
207 114.387747118 37.840491676 143.899 5
208 114.387740279 37.8404919405 143.92 5
209 114.387731662 37.8404922793 143.943 5
210 114.387723057 37.8404926247 143.95 5
211 114.387714245 37.840493005 143.947 5
212 114.387705375 37.8404933627 143.943 5
213 114.387696314 37.8404936402 143.95 5
214 114.387686966 37.8404940575 143.948 5
215 114.387681271 37.8404943458 143.941 5
216 114.387675468 37.8404945645 143.959 5
217 114.387667692 37.8404948487 143.951 5
218 114.387661975 37.8404949872 143.95 5
219 114.387656223 37.8404951705 143.934 5
220 114.387649516 37.840495374 143.928 5
221 114.387643723 37.840495554 143.923 5
222 114.387636979 37.840495854 143.926 5
223 114.387629282 37.8404961238 143.942 5
224 114.387620009 37.8404962788 143.938 5
225 114.387610768 37.8404964622 143.936 5
226 114.387602633 37.8404967697 143.941 5
227 114.387596325 37.8404969577 143.939 5
228 114.387589278 37.84049703 143.942 5
229 114.387582365 37.8404971213 143.94 5
230 114.387576376 37.8404972577 143.942 5
231 114.387570511 37.8404973538 143.945 5
232 114.387563135 37.8404974292 143.945 5
233 114.387555037 37.8404974067 143.954 5
234 114.387547256 37.8404974328 143.967 5
235 114.38753986 37.840497451 143.986 5
236 114.387533173 37.8404973697 143.996 5
237 114.387527307 37.8404972787 144.01 5
238 114.387519993 37.8404972793 144.033 5
239 114.387514203 37.8404971723 144.045 5
