0 114.389168593 37.8405835592 143.163 5
1 114.389162691 37.8405833383 143.149 5
2 114.389157003 37.8405831423 143.169 5
3 114.389150944 37.840582914 143.177 5
4 114.38914459 37.8405826917 143.184 5
5 114.389138373 37.8405824348 143.191 5
6 114.389131634 37.8405820192 143.188 5
7 114.38912489 37.8405818922 143.189 5
8 114.389119061 37.8405817802 143.188 5
9 114.389112838 37.840581689 143.192 5
10 114.38910646 37.8405815613 143.181 5
11 114.389099382 37.8405812138 143.159 5
12 114.389092084 37.840581353 143.166 5
13 114.389086417 37.8405816915 143.152 5
14 114.389080552 37.8405817183 143.135 5
15 114.389074407 37.8405815458 143.137 5
16 114.389068202 37.8405816403 143.122 5
17 114.389061814 37.8405818992 143.135 5
18 114.389055373 37.8405823188 143.142 5
19 114.389048943 37.8405825472 143.14 5
20 114.389042402 37.8405826682 143.127 5
21 114.38903577 37.8405830528 143.13 5
22 114.389029158 37.840583523 143.13 5
23 114.389022526 37.840583921 143.135 5
24 114.389015975 37.8405843763 143.129 5
25 114.389009467 37.8405848513 143.133 5
26 114.389003104 37.8405854527 143.137 5
27 114.388996863 37.8405859267 143.131 5
28 114.388990559 37.8405864883 143.131 5
29 114.388984138 37.8405872538 143.116 5
30 114.388977974 37.8405879833 143.116 5
31 114.388971749 37.8405887195 143.129 5
32 114.388965519 37.8405894312 143.15 5
33 114.388959567 37.8405902672 143.146 5
34 114.388953412 37.8405910602 143.125 5
35 114.388947 37.8405916587 143.13 5
36 114.388940742 37.8405924028 143.146 5
37 114.388934494 37.8405934505 143.135 5
38 114.388928183 37.840594412 143.153 5
39 114.388921884 37.8405951527 143.133 5
40 114.388915494 37.8405958813 143.098 5
41 114.388909065 37.840596851 143.109 5
42 114.388902595 37.8405979058 143.097 5
43 114.388896166 37.840598993 143.08 5
44 114.388889697 37.8405998277 143.066 5
45 114.388883211 37.8406006932 143.065 5
46 114.388876643 37.8406018808 143.056 5
47 114.388870066 37.84060318 143.044 5
48 114.388863215 37.8406042597 143.041 5
49 114.388856319 37.8406050333 143.061 5
50 114.388849764 37.8406057717 143.064 5
51 114.388843177 37.8406070968 143.026 5
52 114.388836649 37.8406084545 143.003 5
53 114.388830011 37.8406094648 142.978 5
54 114.388823153 37.8406103827 142.995 5
55 114.38881645 37.8406114908 142.988 5
56 114.388809867 37.8406128233 142.97 5
57 114.388803186 37.840614036 142.978 5
58 114.388796563 37.8406152245 142.981 5
59 114.388790051 37.8406165363 142.97 5
60 114.388783526 37.8406179245 142.964 5
61 114.388777002 37.8406192393 142.986 5
62 114.388770539 37.8406206042 142.968 5
63 114.388764182 37.8406220778 142.969 5
64 114.388757849 37.8406235425 142.964 5
65 114.388751554 37.8406250977 142.965 5
66 114.388745246 37.8406268317 142.954 5
67 114.388739091 37.8406285665 142.95 5
68 114.388732989 37.8406303908 142.958 5
69 114.388727034 37.8406322482 142.954 5
70 114.388721451 37.8406338043 142.952 5
71 114.388715944 37.8406356012 142.942 5
72 114.38871037 37.8406376272 142.933 5
73 114.388705111 37.8406396327 142.922 5
74 114.388699667 37.8406415227 142.909 5
75 114.38869443 37.8406434615 142.945 5
76 114.388688519 37.84064593 142.944 5
77 114.388682826 37.8406484545 142.936 5
78 114.388676424 37.8406509877 142.95 5
79 114.388670088 37.840653617 142.947 5
80 114.388664521 37.8406563702 142.952 5
81 114.388658855 37.8406590813 142.959 5
82 114.388652742 37.8406620007 142.968 5
83 114.388647407 37.8406644363 142.956 5
84 114.388641513 37.840667444 142.949 5
85 114.388636687 37.8406700297 142.941 5
86 114.388631665 37.8406726942 142.933 5
87 114.388626593 37.8406753242 142.936 5
88 114.388621385 37.840677893 142.932 5
89 114.388616168 37.8406805962 142.914 5
90 114.388610701 37.8406833772 142.91 5
91 114.388604988 37.840686141 142.894 5
92 114.38859907 37.8406888665 142.89 5
93 114.38859304 37.8406917027 142.88 5
94 114.388586971 37.8406945405 142.876 5
95 114.388580762 37.840697421 142.845 5
96 114.388574278 37.8407001845 142.819 5
97 114.388567525 37.8407029265 142.805 5
98 114.388560812 37.8407058073 142.816 5
99 114.388554141 37.8407088253 142.823 5
100 114.388547487 37.8407117107 142.808 5
101 114.388540565 37.840714186 142.795 5
102 114.388533712 37.8407167587 142.791 5
103 114.388527003 37.8407195577 142.771 5
104 114.388520297 37.8407222195 142.784 5
105 114.388513437 37.8407245758 142.772 5
106 114.388506536 37.8407269233 142.763 5
107 114.388499948 37.8407295177 142.749 5
108 114.388493291 37.8407322288 142.731 5
109 114.38848637 37.8407344378 142.73 5
110 114.388479876 37.8407363875 142.695 5
111 114.38847315 37.8407389937 142.694 5
112 114.388466693 37.840741532 142.678 5
113 114.388459859 37.8407436923 142.671 5
114 114.388452921 37.8407456657 142.7 5
115 114.388446549 37.8407477093 142.678 5
116 114.388440124 37.8407499487 142.674 5
117 114.388433821 37.8407519512 142.655 5
118 114.388427342 37.8407538487 142.647 5
119 114.388420779 37.840755859 142.673 5
120 114.388414512 37.840758074 142.673 5
121 114.388408099 37.8407600043 142.68 5
122 114.388401641 37.8407618675 142.691 5
123 114.388395279 37.8407641735 142.685 5
124 114.38838893 37.8407665625 142.675 5
125 114.388382292 37.8407686427 142.689 5
126 114.388375221 37.8407706502 142.698 5
127 114.38836865 37.8407729253 142.703 5
128 114.388361768 37.840775581 142.708 5
129 114.388354561 37.8407780583 142.725 5
130 114.388347493 37.8407802012 142.748 5
131 114.388341953 37.8407820075 142.762 5
132 114.388335861 37.840784197 142.753 5
133 114.388329035 37.8407866198 142.719 5
134 114.38832222 37.8407886797 142.725 5
135 114.38831534 37.8407908512 142.727 5
136 114.388308585 37.840792915 142.723 5
137 114.388301536 37.8407949847 142.701 5
138 114.388294458 37.8407971893 142.738 5
139 114.38828763 37.8407994422 142.729 5
140 114.38828087 37.840801399 142.726 5
141 114.388273895 37.840803227 142.711 5
142 114.388267315 37.8408053168 142.661 5
143 114.388260534 37.8408074982 142.664 5
144 114.388253643 37.8408094002 142.673 5
145 114.388246981 37.8408113997 142.64 5
146 114.388240396 37.8408133662 142.656 5
147 114.388234406 37.8408151742 142.684 5
148 114.388229041 37.840816687 142.659 5
149 114.388223024 37.8408184187 142.663 5
150 114.388217555 37.8408199417 142.667 5
151 114.388211877 37.8408214752 142.664 5
