0 114.396071035 37.8439684109 125.224374603 5
1 114.396070696 37.8439635739 125.212364009 5
2 114.396070111 37.8439586705 125.19482509 5
3 114.396070179 37.8439539867 125.16178738 5
4 114.396069894 37.8439491513 125.149421993 5
5 114.396069801 37.8439438256 125.137060166 5
6 114.396069677 37.8439388917 125.123664232 5
7 114.39606961 37.8439339844 125.114333886 5
8 114.396069508 37.8439289882 125.120961943 5
9 114.396069766 37.8439239135 125.110409409 5
10 114.39606979 37.8439186777 125.09534525 5
11 114.396069907 37.8439135219 125.09495219 5
12 114.396069857 37.8439088947 125.085757737 5
13 114.396069749 37.8439043645 125.087679938 5
14 114.396069818 37.8438997496 125.0578898 5
15 114.396069903 37.8438942099 125.036683145 5
16 114.396069949 37.843889292 125.015048886 5
17 114.396069903 37.8438844003 125.009597072 5
18 114.396069736 37.8438790758 125.000474809 5
19 114.396069441 37.8438738793 124.99230294 5
20 114.396068975 37.8438689896 124.988682216 5
21 114.396068685 37.8438639851 124.991900243 5
22 114.396068563 37.8438593661 124.98553987 5
23 114.396068484 37.843854244 124.989635505 5
24 114.396067971 37.8438489542 124.980988948 5
25 114.39606768 37.8438436071 124.972394435 5
26 114.396067334 37.8438387306 124.954441179 5
27 114.396066997 37.843833829 124.941150419 5
28 114.396066786 37.8438287787 124.934516832 5
29 114.396066266 37.8438236281 124.937898836 5
30 114.396065894 37.8438181363 124.935024323 5
31 114.396065431 37.8438136318 124.921236292 5
32 114.396065126 37.8438086823 124.909791345 5
33 114.396064499 37.8438027047 124.930915194 5
34 114.396064017 37.8437981863 124.928673287 5
35 114.396063364 37.8437925985 124.925769453 5
36 114.396063031 37.8437867969 124.92718435 5
37 114.396062231 37.843781086 124.915126128 5
38 114.396061913 37.843776473 124.912763304 5
39 114.396061589 37.8437718697 124.904772787 5
40 114.396061382 37.8437672539 124.898298058 5
41 114.396061094 37.8437614988 124.893930574 5
42 114.396060567 37.8437557242 124.903610785 5
43 114.396060258 37.8437500207 124.895587164 5
44 114.396059889 37.8437454868 124.892362918 5
45 114.396059729 37.8437409423 124.884322809 5
46 114.396059264 37.843736276 124.863765769 5
47 114.396059229 37.8437316526 124.86418418 5
48 114.396058896 37.843725858 124.842018023 5
49 114.396058594 37.8437212861 124.840273074 5
50 114.396058463 37.84371556 124.829216182 5
51 114.396058006 37.843709741 124.846685402 5
52 114.39605784 37.8437038823 124.852585395 5
53 114.396057536 37.8436992587 124.842089239 5
54 114.396057215 37.8436942931 124.863154284 5
55 114.396056541 37.8436885083 124.877203135 5
56 114.396056298 37.8436832388 124.856692246 5
57 114.39605624 37.8436775331 124.850135553 5
58 114.396055851 37.8436723002 124.827655035 5
59 114.396055663 37.8436669223 124.816075528 5
60 114.396055473 37.8436616868 124.802480443 5
61 114.396055382 37.8436566918 124.808779474 5
62 114.39605506 37.8436514885 124.813385613 5
63 114.396054651 37.8436463573 124.826635048 5
64 114.396054511 37.8436412081 124.828728012 5
65 114.396054038 37.8436358979 124.838219155 5
66 114.396053911 37.8436306338 124.826087793 5
67 114.39605362 37.8436253272 124.828633656 5
68 114.396053442 37.8436201409 124.833681035 5
69 114.396053477 37.8436149743 124.82644047 5
70 114.396053038 37.8436096523 124.81080601 5
71 114.396053202 37.8436044091 124.805761016 5
72 114.396052844 37.843599119 124.79452203 5
73 114.396052828 37.843593723 124.805200351 5
74 114.396052516 37.8435886784 124.790557826 5
75 114.396052544 37.8435838084 124.802197391 5
76 114.39605214 37.8435782833 124.808483804 5
77 114.396052004 37.8435730681 124.820690305 5
78 114.396052048 37.8435683062 124.832264675 5
79 114.396052021 37.8435633512 124.842724406 5
80 114.396051886 37.8435582086 124.847412208 5
81 114.396052094 37.8435531358 124.831078681 5
82 114.396051972 37.8435479172 124.790161877 5
83 114.396052222 37.8435424819 124.765741632 5
84 114.396052304 37.8435370958 124.746778905 5
85 114.39605261 37.8435317207 124.719298578 5
86 114.39605275 37.8435265584 124.706652072 5
87 114.396053067 37.8435216937 124.713651979 5
88 114.39605325 37.8435166807 124.733718244 5
89 114.396053452 37.8435116971 124.766447933 5
90 114.39605358 37.8435067172 124.773065256 5
91 114.396053997 37.8435015778 124.80119376 5
92 114.39605437 37.8434965753 124.792664323 5
93 114.396054605 37.8434912693 124.811832292 5
94 114.396055053 37.8434858962 124.800627426 5
95 114.396055727 37.8434808604 124.795229485 5
96 114.39605643 37.843475717 124.798835142 5
97 114.396057163 37.8434705688 124.803684191 5
98 114.396057818 37.8434655464 124.809405476 5
99 114.396058538 37.8434603786 124.817332345 5
100 114.396059362 37.8434554835 124.852622044 5
101 114.396059931 37.8434504203 124.837832102 5
102 114.396060464 37.8434451322 124.847920642 5
103 114.396061241 37.8434402244 124.84797236 5
104 114.396061884 37.8434349608 124.844262073 5
105 114.3960628 37.8434297272 124.845893911 5
106 114.396063646 37.8434246386 124.834238515 5
107 114.396064288 37.8434191456 124.824449875 5
108 114.396065157 37.8434139537 124.801799918 5
109 114.396065925 37.8434088747 124.808252152 5
110 114.396066967 37.843403706 124.794820508 5
111 114.396067865 37.8433990146 124.791678712 5
112 114.396068862 37.843394156 124.776415988 5
113 114.396070072 37.8433896197 124.806720106 5
114 114.396071431 37.8433846389 124.775839451 5
115 114.396072889 37.843379687 124.807889612 5
116 114.396074474 37.843374584 124.779118146 5
117 114.396076243 37.8433695935 124.778027693 5
118 114.396077995 37.8433640584 124.760152077 5
119 114.396079786 37.8433588156 124.752894207 5
120 114.39608141 37.8433535736 124.700647825 5
121 114.396083059 37.8433484462 124.682629689 5
122 114.396084763 37.8433431771 124.679314534 5
123 114.396086327 37.843338395 124.673689788 5
124 114.396087948 37.8433333551 124.662449507 5
125 114.396089709 37.843328433 124.643138836 5
126 114.396091197 37.8433236074 124.640639736 5
127 114.39609294 37.8433186352 124.642018408 5
128 114.396094567 37.8433136666 124.641407622 5
129 114.396096252 37.8433087997 124.64303811 5
130 114.396097929 37.8433040114 124.633343954 5
131 114.396099634 37.8432991292 124.634442759 5
132 114.396101425 37.8432943638 124.634288858 5
133 114.396103309 37.8432898018 124.637392653 5
134 114.396105152 37.8432852047 124.622235312 5
135 114.396107249 37.8432807853 124.618582126 5
136 114.396109489 37.8432761589 124.631594372 5
137 114.396111834 37.8432717419 124.612666307 5
138 114.396114265 37.8432674917 124.611668783 5
139 114.396117105 37.8432629077 124.601066141 5
140 114.396119907 37.8432586174 124.606344523 5
141 114.396122726 37.8432542774 124.587476228 5
142 114.396125651 37.8432502023 124.586644747 5
143 114.396128923 37.8432459571 124.590039362 5
144 114.396132156 37.8432416374 124.575584358 5
145 114.396135537 37.8432376569 124.575293231 5
146 114.396139469 37.8432333714 124.562582235 5
147 114.396143295 37.8432292599 124.55503757 5
148 114.3961469 37.843224931 124.541229752 5
149 114.396150999 37.8432209054 124.522256463 5
150 114.39615497 37.843216438 124.500166309 5
151 114.396159085 37.8432125199 124.494777966 5
152 114.396163053 37.8432085204 124.489017272 5
153 114.396166864 37.8432045219 124.469144362 5
154 114.396170721 37.8432007573 124.456890603 5
155 114.396174634 37.8431968782 124.465067653 5
156 114.396178535 37.8431929459 124.462472605 5
157 114.39618265 37.8431892334 124.448489693 5
158 114.396187015 37.8431854435 124.436195397 5
159 114.396191158 37.8431819572 124.432298867 5
160 114.39619553 37.8431783599 124.418838835 5
161 114.396199951 37.843175055 124.409512594 5
162 114.396204521 37.843171495 124.40383545 5
163 114.396209418 37.8431682399 124.391624966 5
164 114.396214297 37.8431651809 124.370320749 5
165 114.396218875 37.8431619548 124.351564166 5
166 114.396223916 37.8431590646 124.339074164 5
167 114.39622874 37.8431560727 124.334510546 5
168 114.396233917 37.8431535148 124.327386304 5
169 114.396238779 37.8431507721 124.319159594 5
170 114.396243559 37.8431479245 124.298472364 5
171 114.396248609 37.8431456491 124.289345106 5
172 114.396254016 37.8431433091 124.281958293 5
173 114.396259293 37.8431411275 124.258879351 5
174 114.396264772 37.8431390813 124.244643844 5
175 114.396270148 37.8431375518 124.2045255 5
176 114.396275991 37.8431360834 124.200931067 5
177 114.396281417 37.8431341875 124.166697778 5
178 114.396287374 37.8431332588 124.111346855 5
179 114.396293347 37.8431325284 124.094541234 5
180 114.396299281 37.843132123 124.065772537 5
181 114.396306815 37.8431314565 124.031244599 5
182 114.396312651 37.843131147 124.007983771 5
183 114.396318526 37.8431313042 123.968890452 5
184 114.396324535 37.8431311009 123.951434628 5
185 114.3963306 37.8431309344 123.926255427 5
186 114.396336197 37.8431320039 123.926809377 5
187 114.3963422 37.8431322125 123.896040418 5
188 114.396348557 37.8431326276 123.878576579 5
189 114.396354921 37.8431340307 123.871263436 5
190 114.396361618 37.8431353083 123.858418992 5
191 114.396367648 37.8431366002 123.822059075 5
192 114.396374235 37.8431378204 123.786967386 5
193 114.39638055 37.8431384366 123.763756951 5
194 114.396387181 37.843140001 123.752441164 5
195 114.396393676 37.8431412979 123.748468388 5
196 114.396399631 37.8431422938 123.713216404 5
197 114.39640533 37.8431434737 123.68202297 5
198 114.396411087 37.8431447119 123.655884605 5
199 114.396416949 37.8431463957 123.640422754 5
200 114.396422704 37.8431477251 123.618312149 5
201 114.396428989 37.84314953 123.567052623 5
202 114.396435106 37.843151539 123.523386078 5
203 114.396442246 37.8431543607 123.466147773 5
204 114.396448741 37.8431562501 123.280429848 5
205 114.396453895 37.8431585272 123.195500181 5
206 114.39645923 37.8431611993 123.147092477 5
207 114.396464465 37.8431631167 123.158306461 5
208 114.396470348 37.8431668247 123.125469865 5
209 114.396476288 37.843170074 123.138518686 5
210 114.396481001 37.8431730714 123.117855741 5
211 114.396486192 37.8431768524 123.109982211 5
212 114.396489949 37.8431803595 123.123745475 5
213 114.396494125 37.8431836304 123.09379096 5
214 114.396498426 37.8431873977 123.082883803 5
215 114.396503193 37.8431918891 123.083421659 5
216 114.396507306 37.8431969546 123.069191831 5
217 114.396510427 37.8432008547 123.068810226 5
218 114.396514066 37.8432045461 123.042416567 5
219 114.396516745 37.8432086455 123.043285646 5
220 114.396520114 37.8432130104 123.013001935 5
221 114.396522868 37.8432172257 123.007450838 5
222 114.396525581 37.8432215429 122.954142949 5
223 114.396528699 37.8432262993 122.947945325 5
224 114.396531042 37.8432304287 122.917701316 5
225 114.396533427 37.8432348929 122.926671884 5
226 114.396535681 37.8432394762 122.890248676 5
227 114.396537883 37.8432445112 122.89131753 5
228 114.396539286 37.8432489543 122.884492783 5
229 114.396541591 37.8432540655 122.83433787 5
230 114.39654316 37.8432596105 122.810600113 5
231 114.396545087 37.8432645782 122.787570488 5
232 114.396546417 37.8432700939 122.729256954 5
233 114.396548055 37.8432755969 122.693864181 5
234 114.396549603 37.8432807112 122.670966353 5
235 114.396550946 37.8432860853 122.616625442 5
236 114.396552807 37.8432912896 122.534892088 5
237 114.396554064 37.8432965406 122.493530552 5
238 114.396555601 37.8433017065 122.427877588 5
239 114.39655705 37.8433066523 122.363764188 5
240 114.396558678 37.8433121482 122.321897372 5
241 114.396559813 37.8433170605 122.267748841 5
242 114.396561516 37.8433222652 122.216148064 5
243 114.396562773 37.8433274293 122.14723497 5
244 114.396564181 37.8433324852 122.093642684 5
245 114.396565263 37.8433378137 122.034729522 5
246 114.396566897 37.8433428676 121.966321024 5
247 114.396568187 37.8433477885 121.915092175 5
248 114.396569619 37.8433530372 121.856181608 5
249 114.39657095 37.843357923 121.804955007 5
250 114.396572538 37.8433627327 121.769184259 5
251 114.396574022 37.8433679162 121.704681747 5
252 114.396575294 37.8433728128 121.692543357 5
253 114.396577012 37.8433778819 121.626950482 5
254 114.396578673 37.8433829041 121.614662013 5
255 114.3965805 37.843387807 121.583171327 5
256 114.396582252 37.8433929058 121.539821223 5
257 114.396583856 37.8433979263 121.508304509 5
258 114.396585455 37.8434031532 121.475530613 5
259 114.396587003 37.843408252 121.460384445 5
260 114.396588308 37.8434130096 121.407450061 5
261 114.3965895 37.8434178543 121.3724263 5
262 114.396590676 37.843422731 121.33129947 5
263 114.396591592 37.8434275828 121.28709823 5
264 114.396592465 37.8434323479 121.220278313 5
265 114.396592684 37.8434371459 121.185611568 5
266 114.396593264 37.8434421502 121.146082864 5
267 114.396593072 37.8434469854 121.134361324 5
268 114.396593405 37.843452411 121.115358354 5
269 114.396593624 37.8434575571 121.074400933 5
270 114.396594032 37.843462597 121.058164632 5
271 114.396594377 37.8434677916 121.039507632 5
272 114.3965948 37.843472867 121.035341954 5
273 114.396595224 37.8434780728 120.997058146 5
274 114.396595417 37.8434836519 120.986334858 5
275 114.396595902 37.8434888464 120.956023372 5
276 114.396595948 37.8434939805 120.940378516 5
277 114.396596192 37.8434994446 120.904303023 5
278 114.39659633 37.8435044749 120.88525937 5
279 114.396596354 37.8435096404 120.871665519 5
280 114.396596439 37.8435149715 120.845510407 5
281 114.3965969 37.8435198661 120.852400307 5
282 114.396597415 37.8435253509 120.805889836 5
283 114.396597392 37.8435307261 120.784608227 5
284 114.396597618 37.8435358077 120.78726588 5
285 114.396597698 37.843541104 120.755219394 5
286 114.396597864 37.8435462779 120.74506187 5
287 114.396598131 37.8435513077 120.722396205 5
288 114.396598267 37.843556691 120.706231537 5
289 114.396598642 37.8435619058 120.679568531 5
290 114.396598672 37.8435671354 120.680202399 5
291 114.396599096 37.8435724331 120.653927542 5
292 114.396599332 37.8435776602 120.643107041 5
293 114.396599562 37.8435828667 120.625866453 5
294 114.396599672 37.8435880683 120.608397257 5
295 114.396600122 37.8435932449 120.588042336 5
296 114.396600418 37.8435984158 120.555863583 5
297 114.396600479 37.8436039267 120.540010943 5
298 114.396600643 37.843608971 120.529141239 5
299 114.396600886 37.8436142292 120.50828757 5
300 114.39660102 37.8436194815 120.489815078 5
301 114.396601064 37.8436247323 120.47400139 5
302 114.396601197 37.8436301957 120.444195336 5
303 114.396601474 37.8436352161 120.432117016 5
304 114.396601644 37.8436405201 120.407264202 5
305 114.39660182 37.8436456275 120.408301368 5
306 114.396602008 37.8436510832 120.367382719 5
307 114.396602333 37.8436562209 120.337897501 5
308 114.396602517 37.8436613258 120.342797928 5
309 114.396602848 37.843666751 120.30529943 5
310 114.396602942 37.8436716118 120.30615886 5
311 114.396603083 37.8436770768 120.274389418 5
312 114.396603175 37.8436820737 120.215707462 5
313 114.396603453 37.8436872837 120.185461667 5
314 114.39660353 37.8436929867 120.175505214 5
315 114.396603795 37.8436978064 120.19359927 5
316 114.396603949 37.8437030843 120.191721382 5
317 114.396604166 37.8437081912 120.177468901 5
318 114.396604375 37.8437135918 120.158635975 5
319 114.396604465 37.843718771 120.139200893 5
320 114.396604644 37.8437240273 120.125668929 5
321 114.396604853 37.8437294832 120.11469554 5
322 114.396605314 37.843734991 120.122294482 5
323 114.396605577 37.8437398635 120.114654617 5
324 114.396605584 37.8437450117 120.056754436 5
325 114.396605531 37.8437504531 120.054969906 5
326 114.396605884 37.8437556509 120.063460136 5
327 114.396605999 37.8437607135 120.029959303 5
328 114.396606179 37.8437661911 120.007341486 5
329 114.396606369 37.8437710571 120.003671589 5
330 114.396606472 37.8437761607 119.963659374 5
331 114.396606642 37.8437809375 119.973070373 5
332 114.396606648 37.8437860396 119.970111823 5
333 114.396606425 37.8437907314 119.939347028 5
334 114.396606461 37.8437958821 119.935878523 5
335 114.396606364 37.843800845 119.901246926 5
336 114.396606053 37.843806146 119.888427561 5
337 114.396605729 37.8438113653 119.882316842 5
338 114.396605643 37.8438165642 119.847065858 5
339 114.396605139 37.8438219653 119.870544003 5
340 114.396604834 37.8438273239 119.845076481 5
341 114.396604164 37.8438323874 119.847715007 5
342 114.396603921 37.8438377211 119.870333423 5
343 114.396603473 37.8438429329 119.859526863 5
344 114.396602891 37.8438481494 119.84961414 5
345 114.396602373 37.8438532483 119.84794509 5
346 114.396601986 37.8438583758 119.846559559 5
347 114.3966013 37.8438638316 119.814312795 5
348 114.396600872 37.8438691037 119.790693599 5
349 114.396600446 37.843874431 119.787139398 5
350 114.396600075 37.84387973 119.75988405 5
351 114.396599655 37.843884747 119.753368288 5
352 114.396599087 37.8438900929 119.758608009 5
353 114.396598548 37.8438951059 119.741823838 5
354 114.396598051 37.8439001545 119.735223223 5
355 114.396597621 37.843905491 119.727639315 5
356 114.39659696 37.8439106068 119.711415752 5
357 114.396596487 37.8439159243 119.721652038 5
358 114.396596093 37.8439211695 119.705994201 5
359 114.3965957 37.8439266406 119.68142118 5
360 114.396595207 37.8439316888 119.683243515 5
361 114.396594647 37.8439366123 119.661273594 5
362 114.39659413 37.8439417574 119.671769295 5
363 114.39659341 37.8439465282 119.635013164 5
364 114.396592679 37.8439514198 119.633710602 5
365 114.396591715 37.8439564335 119.628065055 5
366 114.396590621 37.8439612957 119.609606205 5
367 114.396589659 37.8439662453 119.627668151 5
368 114.396588385 37.8439714146 119.609334254 5
369 114.396587466 37.8439769193 119.620792446 5
370 114.396586596 37.8439821314 119.619457768 5
371 114.396585572 37.8439873265 119.585299908 5
372 114.39658455 37.8439922359 119.605769608 5
373 114.396583451 37.8439974535 119.597878056 5
374 114.396582485 37.8440027845 119.594999938 5
375 114.396581134 37.8440074768 119.58044808 5
376 114.396579885 37.8440128054 119.567444483 5
377 114.396578914 37.8440182509 119.562856395 5
378 114.396577845 37.8440231921 119.5492634 5
379 114.396576684 37.8440285525 119.532962973 5
380 114.396575508 37.8440336491 119.516557137 5
381 114.396574626 37.8440389796 119.52611255 5
382 114.396573393 37.8440437605 119.516997347 5
383 114.396572411 37.8440490374 119.507557266 5
384 114.396571005 37.8440541375 119.501038645 5
385 114.396569997 37.8440589427 119.505999906 5
386 114.396568589 37.8440639577 119.497830356 5
387 114.396567454 37.8440689033 119.498126471 5
388 114.396566465 37.8440736345 119.49111108 5
389 114.396565155 37.8440787572 119.50119064 5
390 114.396564081 37.8440837132 119.505298352 5
391 114.396562428 37.8440881621 119.504423673 5
392 114.396560637 37.8440928013 119.498027645 5
393 114.396558943 37.8440981732 119.507685938 5
394 114.39655725 37.844103408 119.491715125 5
395 114.396555393 37.8441086846 119.472703616 5
396 114.396554073 37.8441135639 119.510264261 5
397 114.396552276 37.8441190458 119.457722819 5
398 114.396550912 37.84412351 119.483314303 5
399 114.396549025 37.844128371 119.485727085 5
400 114.396547108 37.844133563 119.484918266 5
401 114.396545508 37.844138681 119.484912482 5
402 114.396543421 37.8441438252 119.469153269 5
403 114.396541332 37.8441487894 119.469807934 5
404 114.39653999 37.8441540282 119.468454698 5
405 114.396538446 37.8441590921 119.444519344 5
406 114.396536732 37.8441641656 119.449862247 5
407 114.396534435 37.8441693409 119.433009754 5
408 114.396532685 37.8441742528 119.44250591 5
409 114.396530845 37.8441793179 119.452455384 5
410 114.396528758 37.8441841779 119.446889212 5
411 114.3965271 37.8441891867 119.433103522 5
412 114.3965253 37.8441940493 119.447155809 5
413 114.396523592 37.8441991837 119.421874341 5
414 114.396521582 37.8442046557 119.399520636 5
415 114.396519769 37.844209852 119.379821136 5
416 114.396517772 37.8442147399 119.355005732 5
417 114.396516202 37.844219793 119.337566119 5
418 114.396514444 37.8442248439 119.327619629 5
419 114.396512631 37.844229953 119.330321508 5
420 114.396510815 37.8442346779 119.342729998 5
421 114.396509175 37.8442395059 119.362939113 5
422 114.39650738 37.8442443613 119.383485945 5
423 114.396505547 37.8442492968 119.401191798 5
424 114.396504056 37.844254136 119.418960859 5
425 114.396502201 37.84425875 119.430840248 5
426 114.396500226 37.8442642682 119.447384678 5
427 114.396498219 37.844269082 119.434113335 5
428 114.396496378 37.8442743305 119.43348068 5
429 114.396494318 37.8442795109 119.436139784 5
430 114.396492226 37.8442846865 119.424535103 5
431 114.396490342 37.8442898431 119.408066359 5
432 114.396488406 37.844294987 119.394985731 5
433 114.396486592 37.8442999433 119.386081844 5
434 114.396484844 37.8443053586 119.396200443 5
435 114.396483009 37.8443101338 119.380705414 5
436 114.396481018 37.8443151761 119.367078196 5
437 114.396479192 37.8443202582 119.370369941 5
438 114.396477235 37.8443252936 119.368816615 5
439 114.396475692 37.8443300983 119.365942887 5
440 114.396473748 37.8443350739 119.359770404 5
441 114.396472266 37.8443397836 119.365363858 5
442 114.396470576 37.8443445236 119.35873196 5
443 114.396468733 37.8443490153 119.372429001 5
444 114.39646707 37.8443535744 119.37236148 5
445 114.396464836 37.8443583174 119.367024667 5
446 114.396462833 37.844362975 119.367265784 5
447 114.396460487 37.8443676529 119.363934569 5
448 114.396458463 37.8443723803 119.369090847 5
449 114.396456251 37.8443769896 119.374287066 5
450 114.396453827 37.8443816513 119.382452551 5
451 114.396450999 37.8443859405 119.38880046 5
452 114.396448284 37.8443905101 119.333359895 5
