0 114.391510151 37.8373468767 158.161 5
1 114.391504334 37.8373463017 158.186 5
2 114.391498586 37.8373458635 158.18 5
3 114.391492662 37.8373453282 158.236 5
4 114.391486238 37.837344766 158.237 5
5 114.39147922 37.83734444 158.184 5
6 114.391473466 37.8373440105 158.157 5
7 114.391467143 37.8373435852 158.176 5
8 114.391460419 37.837342957 158.205 5
9 114.391453343 37.8373425295 158.185 5
10 114.391445934 37.8373419973 158.183 5
11 114.391437821 37.8373414152 158.161 5
12 114.391429627 37.8373408088 158.193 5
13 114.391421623 37.8373401132 158.208 5
14 114.391415942 37.8373397972 158.241 5
15 114.39141022 37.8373393635 158.225 5
16 114.391404338 37.8373389727 158.249 5
17 114.391397958 37.8373384253 158.262 5
18 114.391391248 37.8373378838 158.292 5
19 114.391384295 37.837337371 158.289 5
20 114.391377245 37.8373368872 158.305 5
21 114.391370118 37.8373362013 158.326 5
22 114.39136295 37.8373356168 158.334 5
23 114.391355816 37.8373350757 158.342 5
24 114.391348677 37.8373347327 158.367 5
25 114.391341317 37.8373341403 158.365 5
26 114.391333898 37.837333481 158.387 5
27 114.391326327 37.837332988 158.406 5
28 114.391318517 37.8373324768 158.434 5
29 114.391310969 37.8373317543 158.435 5
30 114.3913034 37.8373311562 158.442 5
31 114.391295483 37.8373309245 158.443 5
32 114.391287753 37.8373304882 158.425 5
33 114.391280115 37.8373293385 158.423 5
34 114.391272172 37.8373286855 158.471 5
35 114.391264415 37.8373285125 158.459 5
36 114.391256596 37.8373280428 158.409 5
37 114.391248821 37.8373268967 158.478 5
38 114.391240995 37.8373262268 158.489 5
39 114.391233423 37.8373259555 158.488 5
40 114.391225722 37.8373256033 158.507 5
41 114.391218356 37.83732479 158.519 5
42 114.391210831 37.8373240872 158.521 5
43 114.391203117 37.8373236868 158.549 5
44 114.391195475 37.8373231872 158.541 5
45 114.391187663 37.8373223903 158.545 5
46 114.391179498 37.837321805 158.541 5
47 114.391171269 37.8373211528 158.569 5
48 114.391162832 37.8373205172 158.577 5
49 114.39115428 37.8373198578 158.591 5
50 114.391145715 37.8373191598 158.593 5
51 114.391137056 37.8373184938 158.601 5
52 114.391128278 37.8373178833 158.61 5
53 114.391119666 37.8373168905 158.625 5
54 114.39111055 37.83731633 158.618 5
55 114.391101282 37.8373159318 158.6 5
56 114.391092289 37.8373146857 158.634 5
57 114.391083124 37.8373137475 158.637 5
58 114.391073918 37.8373134988 158.609 5
59 114.391064537 37.8373124022 158.638 5
60 114.391055463 37.8373115367 158.673 5
61 114.391046567 37.8373109933 158.655 5
62 114.391037781 37.8373102438 158.662 5
63 114.391029103 37.8373093378 158.662 5
64 114.391020526 37.8373086442 158.684 5
65 114.391012301 37.8373079638 158.679 5
66 114.391004155 37.83730717 158.721 5
67 114.390995936 37.837306451 158.69 5
68 114.390987918 37.8373058748 158.725 5
69 114.390980033 37.8373052347 158.752 5
70 114.390972325 37.8373046318 158.743 5
71 114.390964498 37.8373041468 158.75 5
72 114.390956718 37.8373034078 158.762 5
73 114.390948813 37.8373027498 158.761 5
74 114.390940848 37.8373021718 158.778 5
75 114.390932854 37.8373015425 158.781 5
76 114.390924916 37.8373008285 158.784 5
77 114.390916994 37.8373000465 158.796 5
78 114.390909083 37.8372994275 158.796 5
79 114.390901098 37.837298753 158.815 5
80 114.390893284 37.8372980652 158.815 5
81 114.390885509 37.8372973073 158.825 5
82 114.390877711 37.8372966547 158.837 5
83 114.390870021 37.8372960552 158.837 5
84 114.390862262 37.83729538 158.855 5
85 114.390854587 37.8372946627 158.868 5
86 114.390846975 37.8372939487 158.871 5
87 114.390839494 37.8372934225 158.874 5
88 114.390831995 37.8372927823 158.881 5
89 114.390824663 37.8372921858 158.885 5
90 114.390817286 37.8372914732 158.89 5
91 114.390809947 37.8372909382 158.917 5
92 114.3908028 37.8372903783 158.915 5
93 114.390795598 37.8372896782 158.926 5
94 114.390788553 37.8372891895 158.917 5
95 114.390781528 37.8372886138 158.919 5
96 114.390774607 37.8372880273 158.918 5
97 114.390767648 37.8372873923 158.926 5
98 114.390760755 37.8372868837 158.929 5
99 114.390754018 37.8372862848 158.953 5
100 114.390747284 37.8372856783 158.985 5
101 114.390740837 37.8372851208 158.989 5
102 114.39073477 37.837284656 158.991 5
103 114.390728896 37.8372842873 158.987 5
104 114.390721185 37.8372836307 159.004 5
105 114.390714802 37.837283231 158.963 5
106 114.390709032 37.8372826882 158.973 5
