0 114.391461836 37.837382059 158.191 5
1 114.391455718 37.8373814848 158.204 5
2 114.391449549 37.8373809483 158.202 5
3 114.391443788 37.8373802787 158.201 5
4 114.391436671 37.8373793698 158.192 5
5 114.391430214 37.8373788298 158.222 5
6 114.391423619 37.8373776898 158.211 5
7 114.391416499 37.8373769317 158.2 5
8 114.391409007 37.8373757638 158.212 5
9 114.391401137 37.837374734 158.207 5
10 114.391393003 37.8373734497 158.233 5
11 114.391387333 37.8373725182 158.259 5
12 114.391381539 37.8373716062 158.26 5
13 114.39137561 37.8373708282 158.28 5
14 114.391369551 37.837369858 158.28 5
15 114.39136336 37.8373690163 158.269 5
16 114.391357217 37.8373681625 158.281 5
17 114.39135105 37.8373672678 158.296 5
18 114.391344858 37.8373664935 158.312 5
19 114.391338569 37.8373656425 158.307 5
20 114.391332114 37.8373647022 158.306 5
21 114.391325659 37.8373637925 158.311 5
22 114.391318904 37.8373628587 158.335 5
23 114.391312066 37.8373621285 158.342 5
24 114.391305702 37.8373614468 158.35 5
25 114.391298968 37.8373601302 158.376 5
26 114.391292694 37.8373587718 158.409 5
27 114.391286707 37.8373574338 158.381 5
28 114.39128039 37.8373559937 158.391 5
29 114.391274073 37.8373542443 158.443 5
30 114.391268315 37.8373522473 158.438 5
31 114.391262497 37.8373500085 158.442 5
32 114.391256285 37.8373476943 158.481 5
33 114.39125023 37.837345124 158.496 5
34 114.391244405 37.8373422558 158.489 5
35 114.391238752 37.8373389372 158.525 5
36 114.39123306 37.8373358262 158.539 5
37 114.391227412 37.8373326222 158.551 5
38 114.391221874 37.8373290098 158.551 5
39 114.391216486 37.8373251558 158.572 5
40 114.391211147 37.8373212703 158.564 5
41 114.391205594 37.8373175043 158.593 5
42 114.391199995 37.8373139697 158.61 5
43 114.391194559 37.837310385 158.624 5
44 114.391188895 37.8373071657 158.63 5
45 114.391183205 37.8373040733 158.626 5
46 114.391177555 37.8373010983 158.661 5
47 114.391171505 37.8372984147 158.641 5
48 114.391165228 37.8372958215 158.653 5
49 114.391158697 37.8372933275 158.661 5
50 114.39115193 37.8372911163 158.673 5
51 114.391145046 37.8372890495 158.694 5
52 114.391137889 37.8372872527 158.696 5
53 114.391130538 37.8372856752 158.698 5
54 114.391123033 37.8372843948 158.705 5
55 114.391115267 37.8372835452 158.718 5
56 114.391107533 37.837282948 158.723 5
57 114.391099672 37.837282596 158.726 5
58 114.391091733 37.8372824835 158.721 5
59 114.391083681 37.8372830047 158.726 5
60 114.391075626 37.8372837285 158.711 5
61 114.391067574 37.8372847585 158.718 5
62 114.391059584 37.8372863478 158.714 5
63 114.391051821 37.8372881572 158.719 5
64 114.3910439 37.837290086 158.728 5
65 114.391036298 37.8372924782 158.731 5
66 114.391028711 37.837295168 158.72 5
67 114.391021402 37.837297968 158.728 5
68 114.391014102 37.8373009652 158.734 5
69 114.391007102 37.8373041655 158.739 5
70 114.391000154 37.837307403 158.709 5
71 114.390993143 37.8373106545 158.737 5
72 114.390986443 37.8373141747 158.738 5
73 114.390979866 37.8373176207 158.746 5
74 114.390973122 37.8373206598 158.738 5
75 114.390966521 37.8373237833 158.748 5
76 114.390959925 37.8373268775 158.744 5
77 114.390953278 37.8373298525 158.743 5
78 114.390946473 37.837332412 158.777 5
79 114.390939698 37.8373349845 158.768 5
80 114.390932856 37.8373373712 158.768 5
81 114.390925956 37.8373394725 158.766 5
82 114.390918826 37.8373410437 158.766 5
83 114.390911799 37.8373423838 158.761 5
84 114.390904656 37.837343292 158.768 5
85 114.390897532 37.8373439398 158.777 5
86 114.390890351 37.8373441977 158.767 5
87 114.390883255 37.8373439517 158.778 5
88 114.39087627 37.8373434057 158.785 5
89 114.390869409 37.8373425973 158.806 5
90 114.390862754 37.8373414883 158.802 5
91 114.390856274 37.83734 158.814 5
92 114.390850104 37.8373382213 158.814 5
93 114.390844172 37.8373360242 158.832 5
94 114.390838638 37.83733389 158.839 5
95 114.390833246 37.8373315923 158.846 5
96 114.390828192 37.8373289147 158.871 5
97 114.390823427 37.8373261087 158.861 5
98 114.390819021 37.8373231142 158.883 5
99 114.390814587 37.8373198842 158.891 5
100 114.390810226 37.837316795 158.885 5
101 114.390806234 37.837313455 158.896 5
102 114.390802208 37.8373100977 158.905 5
103 114.390798224 37.83730672 158.913 5
104 114.390794291 37.8373032827 158.931 5
105 114.390790388 37.837299945 158.954 5
106 114.390786329 37.8372967758 158.966 5
107 114.390782268 37.8372935655 158.976 5
108 114.39077614 37.8372888637 158.987 5
109 114.390771757 37.8372858377 158.992 5
110 114.390767182 37.8372829622 158.995 5
111 114.390762465 37.8372802255 158.996 5
112 114.390757649 37.8372776268 159.009 5
113 114.390752652 37.8372752797 159.019 5
114 114.390747607 37.8372731673 159.024 5
115 114.39073976 37.8372707067 159.043 5
116 114.390732105 37.8372687533 159.053 5
117 114.390724307 37.8372674955 159.056 5
118 114.390716461 37.8372665875 159.063 5
119 114.390708525 37.8372661525 159.071 5
120 114.390701185 37.8372660485 159.098 5
121 114.390695078 37.8372659492 159.096 5
122 114.39068937 37.837265963 159.099 5
