0 114.391458144 37.8373439879 157.946963171 5
1 114.391452444 37.8373439041 157.952913736 5
2 114.39144666 37.8373435688 157.945628109 5
3 114.391440793 37.8373430659 157.93899857 5
4 114.391435177 37.8373423116 157.922375134 5
5 114.391429226 37.837341641 157.946162134 5
6 114.391423359 37.8373412219 157.952715384 5
7 114.391416402 37.8373402999 157.965791368 5
8 114.391410367 37.8373394617 157.975716604 5
9 114.391404332 37.8373385397 157.990638789 5
10 114.39139771 37.8373377015 158.00687315 5
11 114.391391591 37.837336528 158.009070281 5
12 114.391385892 37.8373353546 158.013990941 5
13 114.391379689 37.8373339296 158.023908548 5
14 114.391373486 37.8373324209 158.035596067 5
15 114.391366949 37.8373307445 158.051159082 5
16 114.39136083 37.8373288167 158.060924111 5
17 114.391355214 37.8373270565 158.064143519 5
18 114.391349179 37.8373248772 158.067324782 5
19 114.391343144 37.8373226979 158.075152063 5
20 114.39133778 37.8373206862 158.080896647 5
21 114.391331912 37.8373181717 158.093064788 5
22 114.391326045 37.8373155733 158.10986369 5
23 114.391320597 37.8373132263 158.115692191 5
24 114.391315065 37.8373108794 158.12802054 5
25 114.3913097 37.8373086163 158.141577147 5
26 114.391304671 37.837306437 158.151014132 5
27 114.391298636 37.8373038386 158.157613156 5
28 114.39129302 37.8373014917 158.159337293 5
29 114.391286901 37.8372988933 158.167393442 5
30 114.391281788 37.8372968816 158.182422432 5
31 114.391275586 37.8372942832 158.19212643 5
32 114.391269802 37.8372920201 158.204950659 5
33 114.391263348 37.8372896732 158.225281755 5
34 114.39125681 37.8372874101 158.224526491 5
35 114.391251111 37.8372858175 158.226616817 5
36 114.391244657 37.8372839735 158.234939979 5
37 114.391239208 37.8372825486 158.242774889 5
38 114.391231581 37.8372807884 158.250876811 5
39 114.391224456 37.8372793635 158.252898477 5
40 114.391217751 37.8372786091 158.260565551 5
41 114.391209704 37.8372776871 158.268034272 5
42 114.391201574 37.8372771003 158.279347974 5
43 114.391194198 37.8372767651 158.291668694 5
44 114.391187492 37.8372767651 158.296452032 5
45 114.391179445 37.837277268 158.30223476 5
46 114.391172069 37.8372778547 158.3052253 5
47 114.391164693 37.8372786091 158.314280839 5
48 114.391157233 37.8372796149 158.325945471 5
49 114.391151115 37.8372806207 158.332925941 5
50 114.391144912 37.8372820457 158.33186552 5
51 114.391138793 37.837283303 158.32609805 5
52 114.391130579 37.8372852308 158.334367809 5
53 114.391123622 37.8372869072 158.338327223 5
54 114.391116581 37.8372886674 158.341897561 5
55 114.391110965 37.8372900923 158.339837751 5
56 114.391105098 37.8372917687 158.340051361 5
57 114.391098644 37.8372933612 158.34012765 5
58 114.391091352 37.8372952053 158.334108425 5
59 114.391085484 37.837296714 158.332185935 5
60 114.391079617 37.8372981389 158.334184714 5
61 114.391072911 37.8372997315 158.33863238 5
62 114.39106696 37.8373010726 158.340997348 5
63 114.391060758 37.8373024137 158.345986667 5
64 114.391053968 37.837303671 158.349686698 5
65 114.391047933 37.8373047606 158.34674956 5
66 114.39104106 37.8373057665 158.348290604 5
67 114.391034187 37.8373066885 158.357674186 5
68 114.391027314 37.837307359 158.369697378 5
69 114.391021195 37.8373077781 158.376960118 5
70 114.391014741 37.8373081134 158.378417244 5
71 114.391007784 37.837308281 158.378546936 5
72 114.391001581 37.8373081972 158.384810286 5
73 114.390995379 37.8373080296 158.394514284 5
74 114.390987584 37.8373076105 158.397565855 5
75 114.390978196 37.8373066885 158.399289993 5
76 114.390972412 37.8373060179 158.406621394 5
77 114.39096621 37.8373050121 158.417950353 5
78 114.390960007 37.8373039224 158.428127344 5
79 114.390952212 37.8373022461 158.439654656 5
80 114.390945255 37.8373004859 158.452463628 5
81 114.390939891 37.8372989771 158.455698293 5
82 114.390932263 37.837296714 158.457613155 5
83 114.390925725 37.8372947862 158.470124598 5
84 114.39091969 37.8372927745 158.481354381 5
85 114.390914326 37.8372909305 158.492095913 5
86 114.390908207 37.8372889188 158.501265886 5
87 114.390901418 37.8372864881 158.506873148 5
88 114.390895299 37.8372844764 158.513098354 5
89 114.390889934 37.8372827162 158.521566465 5
90 114.390882558 37.8372805369 158.537228656 5
91 114.390875601 37.8372784415 158.549602779 5
92 114.390869399 37.8372767651 158.556682425 5
93 114.390863867 37.8372753401 158.561008028 5
94 114.39085758 37.8372736638 158.564113002 5
95 114.390852048 37.8372724065 158.571421515 5
96 114.390845678 37.8372711492 158.584436468 5
97 114.390839643 37.837270311 158.586351329 5
98 114.390833357 37.8372691375 158.582407173 5
99 114.390825478 37.8372677126 158.593659843 5
100 114.390818604 37.8372667068 158.606506959 5
101 114.390812737 37.8372659524 158.610596065 5
102 114.390804523 37.8372648628 158.604538696 5
103 114.390798404 37.837264276 158.608002229 5
104 114.390791196 37.8372636055 158.615623529 5
105 114.390784658 37.8372630187 158.624640923 5
106 114.390778623 37.8372625158 158.631491701 5
107 114.39077175 37.8372620129 158.637457524 5
108 114.39076605 37.8372616776 158.648305861 5
109 114.390760183 37.8372613424 158.651418464 5
110 114.390754483 37.8372610909 158.657697072 5
111 114.390748364 37.8372608395 158.668995516 5
112 114.390742497 37.8372604204 158.68719814 5
113 114.390736629 37.8372592469 158.764471561 5
