0 114.39059514 37.8372153503 159.18 5
1 114.39060083 37.83721569 159.175 5
2 114.390607363 37.8372162338 159.17 5
3 114.390613836 37.8372166815 159.195 5
4 114.390620105 37.8372171928 159.191 5
5 114.390626239 37.837217657 159.213 5
6 114.390632549 37.8372183143 159.172 5
7 114.390640744 37.8372190375 159.172 5
8 114.390646412 37.8372196037 159.164 5
9 114.390652259 37.8372200863 159.167 5
10 114.390658253 37.837220538 159.164 5
11 114.390664334 37.8372213955 159.161 5
12 114.390670736 37.8372220627 159.151 5
13 114.390677458 37.8372227848 159.148 5
14 114.390684452 37.8372235268 159.132 5
15 114.390691574 37.8372243365 159.084 5
16 114.390697349 37.8372249008 159.114 5
17 114.390703041 37.8372256185 159.086 5
18 114.390708952 37.8372261675 159.11 5
19 114.390714959 37.8372268933 159.085 5
20 114.390723053 37.8372278953 159.082 5
21 114.390729183 37.83722851 159.079 5
22 114.390737446 37.8372294012 159.055 5
23 114.390743719 37.837230098 159.044 5
24 114.390749932 37.8372309628 159.035 5
25 114.390756377 37.8372316887 159.042 5
26 114.390762675 37.8372323343 159.024 5
27 114.390769305 37.8372331017 159.021 5
28 114.390775891 37.8372337762 159.029 5
29 114.390782486 37.8372346337 159.017 5
30 114.390789192 37.8372354462 159.021 5
31 114.390795868 37.8372362625 159.004 5
32 114.390802648 37.8372370117 159.006 5
33 114.390809409 37.8372377745 159.007 5
34 114.390816249 37.8372386383 158.995 5
35 114.390825475 37.8372396645 159.036 5
36 114.390832298 37.8372404705 159.027 5
37 114.390839113 37.8372412962 159.015 5
38 114.390845877 37.8372421402 159.022 5
39 114.390852675 37.8372429282 158.991 5
40 114.390861739 37.8372440912 158.972 5
41 114.390868616 37.8372450035 158.966 5
42 114.390875562 37.8372458362 158.973 5
43 114.390882559 37.8372466513 158.949 5
44 114.390889584 37.8372474965 158.949 5
45 114.390896703 37.8372484147 158.935 5
46 114.390903842 37.8372492922 158.928 5
47 114.390911023 37.8372501677 158.923 5
48 114.390918354 37.8372509988 158.918 5
49 114.390925663 37.837251893 158.909 5
50 114.390933007 37.8372528343 158.893 5
51 114.390940471 37.8372537677 158.903 5
52 114.39094784 37.8372547293 158.891 5
53 114.390955266 37.8372556053 158.87 5
54 114.390962719 37.837256534 158.84 5
55 114.390970275 37.8372573447 158.845 5
56 114.390977758 37.8372582412 158.849 5
57 114.390985221 37.8372591702 158.833 5
58 114.390992664 37.8372600563 158.807 5
59 114.391000142 37.8372609502 158.786 5
60 114.391007701 37.8372618052 158.804 5
61 114.391015093 37.837262744 158.79 5
62 114.391022498 37.8372636643 158.771 5
63 114.391029997 37.8372645408 158.762 5
64 114.391037485 37.8372655245 158.753 5
65 114.39104502 37.8372664155 158.744 5
66 114.39105253 37.8372673507 158.733 5
67 114.391060133 37.8372681427 158.73 5
68 114.391067733 37.8372690385 158.734 5
69 114.391075305 37.8372699283 158.739 5
70 114.39108284 37.83727081 158.741 5
71 114.391090426 37.8372716648 158.734 5
72 114.391098052 37.8372724807 158.732 5
73 114.391105622 37.837273305 158.727 5
74 114.391113158 37.8372742058 158.732 5
75 114.391120583 37.8372750712 158.73 5
76 114.391128024 37.8372760497 158.69 5
77 114.391135444 37.837276952 158.691 5
78 114.391142889 37.8372778488 158.678 5
79 114.391150284 37.8372787598 158.675 5
80 114.391157557 37.8372795165 158.679 5
81 114.391164768 37.8372803508 158.655 5
82 114.391171982 37.8372812825 158.633 5
83 114.391179127 37.8372821745 158.626 5
84 114.39118635 37.8372829565 158.651 5
85 114.391193454 37.8372837758 158.638 5
86 114.391200443 37.837284575 158.625 5
87 114.391207382 37.8372853937 158.615 5
88 114.391214357 37.837286276 158.616 5
89 114.391221231 37.8372872918 158.587 5
90 114.391228129 37.837288177 158.584 5
91 114.391235011 37.8372889265 158.589 5
92 114.391241897 37.8372897028 158.587 5
93 114.391248697 37.837290528 158.574 5
94 114.391255436 37.837291413 158.558 5
95 114.391262124 37.8372922882 158.56 5
96 114.391268728 37.8372931967 158.552 5
97 114.391275355 37.8372940253 158.535 5
98 114.391282139 37.8372947105 158.531 5
99 114.391288714 37.83729551 158.512 5
100 114.391295259 37.8372965353 158.527 5
101 114.391301854 37.83729745 158.526 5
102 114.391308368 37.8372981278 158.496 5
103 114.391314848 37.8372988532 158.471 5
104 114.391321353 37.8372997747 158.471 5
105 114.391327793 37.8373006908 158.477 5
106 114.391334236 37.8373014722 158.46 5
107 114.391340655 37.8373022383 158.442 5
108 114.391346868 37.8373030275 158.43 5
109 114.391353093 37.8373038863 158.441 5
110 114.391359134 37.8373047038 158.426 5
111 114.391365036 37.837305439 158.405 5
112 114.391370824 37.8373060817 158.386 5
113 114.391376508 37.8373068728 158.387 5
114 114.391385333 37.8373081223 158.39 5
115 114.391391789 37.8373089977 158.371 5
116 114.391397725 37.8373096955 158.362 5
117 114.391404472 37.8373106822 158.351 5
118 114.391410429 37.8373114027 158.339 5
119 114.391416434 37.8373123113 158.335 5
120 114.391422529 37.8373129527 158.335 5
121 114.391428229 37.8373137152 158.306 5
